   3.0715811e+00   2.7222136e+00
   3.7378362e+00   4.6892849e-01
   2.2408185e+00   3.5096937e+00
   2.2929880e+00   6.8095847e-01
   2.7689896e+00   3.8037865e+00
   3.5236664e+00   1.7041417e+00
   9.7090224e-01   7.9772732e-01
   2.8866945e+00   1.4576554e+00
   9.9896775e-01   3.6251311e+00
   1.0393200e+00   3.1889245e+00
   3.1525740e+00   1.0142529e+00
   2.2606159e+00   9.4358106e-01
   3.1744416e-01   3.6052700e+00
   3.8348359e+00   3.1518287e+00
   3.5459323e+00   3.2308327e+00
   3.5275429e+00   1.0901641e+00
   2.1278934e+00   1.0154789e+00
   2.2650763e+00   2.6929346e+00
   4.1936466e-01   7.1176167e-01
   3.0755798e+00   2.1718763e+00
   3.1059024e+00   2.8342098e+00
   2.4591821e+00   8.8100200e-01
   1.6694329e+00   1.6814862e+00
   2.1203998e+00   3.2909771e+00
   2.2505751e+00   3.6644911e+00
   1.9602805e+00   8.9455128e-01
   8.2688335e-01   3.0304072e+00
   2.7151518e+00   2.3560738e+00
   2.7962801e+00   9.9506941e-01
   3.0741223e+00   2.8530531e+00
   1.4319257e+00   1.4093204e+00
   3.2760861e+00   2.6393919e+00
   1.4098772e+00   1.1723990e+00
   1.3141207e+00   2.1105695e+00
   1.3007944e+00   3.1055776e+00
   3.1249164e+00   2.5947675e+00
   1.4787283e+00   1.2167685e+00
   1.6209165e+00   2.7168693e+00
   2.7992829e+00   1.5239078e+00
   4.2409143e-01   7.4105170e-01
   8.5508341e-01   2.7303680e+00
   1.8597355e+00   3.8050836e+00
   1.0877083e+00   3.4122710e+00
   3.1122669e+00   8.4163587e-01
   2.6802327e+00   2.8437233e+00
   3.4066928e+00   2.7575884e+00
   1.0688443e+00   2.1888100e+00
   1.9218861e+00   1.9084710e+00
   3.0088431e+00   1.7192766e+00
   6.8758136e-01   3.4164887e+00
   1.9448894e+00   1.2280896e+00
   2.1150450e+00   1.3784753e+00
   2.8693775e+00   2.3755847e+00
   3.7439895e+00   2.6186557e+00
   8.7405787e-01   1.9639620e+00
   4.9492052e-01   3.4983737e+00
   2.5521029e+00   3.8296413e+00
   1.1988809e+00   3.3211512e+00
   2.3657181e+00   2.9642335e+00
   2.8104525e+00   7.5155468e-01
   2.0260676e+00   6.0693064e-01
   2.7360987e+00   3.4047563e+00
   3.2908926e+00   1.5970394e+00
   3.4688252e+00   3.6508567e+00
   2.9302483e+00   2.4381982e+00
   1.2743344e+00   4.8902017e-01
   1.3955968e+00   1.0979201e+00
   9.8762742e-01   8.4273289e-01
   2.5176938e+00   1.8403150e+00
   3.1797005e+00   3.5469657e+00
   6.5433504e-01   6.4394721e-01
   1.8169129e+00   3.7404263e+00
   2.6356091e+00   3.7625996e+00
   3.1316595e+00   1.2818244e+00
   2.2077448e+00   4.3201182e-01
   4.7312061e-01   2.0259287e+00
   1.9303666e+00   2.4622060e+00
   3.1906956e+00   2.9889483e+00
   3.9672401e+00   1.5339292e+00
   3.4423323e+00   5.3562439e-01
   5.2194933e-01   3.5990587e+00
   3.1368832e+00   3.3671616e+00
   2.9821543e+00   1.6799135e+00
   3.0923268e+00   3.1322137e+00
   1.0452964e+00   1.9183836e+00
   1.4982027e+00   2.2176053e+00
   2.5091917e+00   2.3726990e+00
   3.9153202e+00   1.2083718e+00
   1.9702849e+00   7.7472957e-01
   2.1363300e+00   2.5587882e+00
   3.8951277e+00   2.5702005e+00
   3.1231170e+00   1.1692458e+00
   3.9251317e+00   3.4731568e+00
   1.0504760e+00   7.2662729e-01
   4.1717387e-01   3.5653056e+00
   8.8514771e-01   1.7389637e+00
   2.9629026e+00   1.4093430e+00
   3.1759447e+00   3.0857823e+00
   2.6863438e+00   1.2811272e+00
   1.5508392e+00   2.2445288e+00
