   1.0953514e-02
   1.0430337e-04
   9.6626328e-02
   4.1674161e-02
   1.5086023e-02
   9.3491101e-04
   2.4383088e-01
   1.2442581e-02
   4.0552772e-01
   5.9622898e-01
   2.8525628e-03
   5.6342832e-02
   2.5915733e-01
   1.9909492e-04
   8.8292588e-04
   5.2729352e-04
   8.2328597e-02
   1.6311694e-01
   1.6231101e-01
   1.0293169e-02
   9.0395469e-03
   3.1124341e-02
   3.4161869e-01
   1.5610461e-01
   8.1888468e-02
   1.0527367e-01
   6.5513701e-01
   4.3231656e-02
   1.1455542e-02
   1.0222861e-02
   3.4726112e-01
   4.6126557e-03
   2.8534935e-01
   6.7031842e-01
   5.8306054e-01
   9.0494833e-03
   2.7933731e-01
   5.4536291e-01
   1.8239458e-02
   1.6714963e-01
   7.8145566e-01
   1.6447882e-01
   4.8829740e-01
   2.9221655e-03
   4.5075883e-02
   2.4095613e-03
   7.6745957e-01
   2.7580295e-01
   9.7692347e-03
   4.4462172e-01
   1.4532874e-01
   1.1734943e-01
   2.4979229e-02
   4.4232550e-04
   6.6176252e-01
   3.5271875e-01
   3.0291337e-02
   5.1284423e-01
   1.0940728e-01
   8.8590366e-03
   7.2946314e-02
   2.4320513e-02
   2.6085116e-03
   8.9281661e-04
   2.0013308e-02
   1.7686801e-01
   2.7011392e-01
   2.5334809e-01
   6.1105704e-02
   3.7638134e-03
   1.9104219e-01
   1.8734294e-01
   2.4655682e-02
   3.9609860e-03
   4.2462778e-02
   5.3174366e-01
   3.5025522e-01
   5.7236724e-03
   7.0339252e-05
   5.0745080e-04
   3.3044999e-01
   5.3262458e-03
   1.0501550e-02
   7.8468450e-03
   6.4874525e-01
   6.0965128e-01
   8.4298144e-02
   7.1001290e-05
   9.3392879e-02
   2.2844877e-01
   1.9005741e-04
   3.7108551e-03
   8.9570628e-05
   2.2957185e-01
   3.0493853e-01
   5.5469242e-01
   8.8788399e-03
   5.6927866e-03
   2.1673206e-02
   5.8350289e-01
