   1.9462531e-03
   2.3311558e-02
   8.8056095e-03
   9.2616799e-02
   1.4842697e-04
   4.8560217e-04
   1.4844637e-01
   6.2152612e-01
   6.1625159e-01
   2.5812896e-01
   2.5926762e-01
   1.8415731e-03
   5.7672974e-01
   1.4453080e-03
   1.7254612e-03
   2.8989924e-01
   6.2649215e-02
   9.8854046e-04
   1.3941444e-02
   3.8682160e-01
   5.2521031e-05
   9.5799282e-02
   1.1107838e-03
   3.8243915e-03
   1.3295838e-01
   1.9294456e-01
   5.2782195e-01
   9.9492837e-04
   5.9262598e-05
   8.9835304e-02
   4.9672399e-01
   3.2322934e-02
   3.0886774e-01
   3.3006692e-01
   7.7424612e-01
   5.2530601e-03
   2.7098162e-01
   1.0159831e-01
   1.7353638e-02
   7.7246911e-01
   1.6857419e-04
   5.2100975e-03
   3.3890218e-02
   3.3580280e-02
   8.1041242e-01
   5.8793979e-04
   1.9645776e-01
   3.0393630e-01
   5.9611438e-03
   6.9501064e-03
   1.2492578e-04
   4.2835231e-02
   4.6228768e-01
   7.0840137e-01
   3.2455982e-01
   5.1004158e-01
   3.6762768e-01
   6.3551201e-03
   4.8043601e-01
   3.6351289e-01
   1.9454804e-01
   1.0371301e-02
   1.0782290e-02
   3.0270312e-01
   6.1138265e-01
   4.9914398e-02
   3.3249662e-01
   1.1397200e-02
   3.7033104e-03
   8.9560788e-03
   3.8701340e-04
   4.1813682e-02
   1.0648890e-01
   1.2401629e-04
   2.5990327e-01
   2.9808271e-01
   2.3499867e-04
   3.4812310e-01
   1.6305469e-02
   4.1052008e-01
   4.4236846e-05
   5.2525121e-04
   1.9826871e-01
   4.0748278e-01
   3.0360715e-01
   5.7677223e-03
   1.6879136e-01
   5.3370604e-03
   3.2352209e-01
   1.6183496e-01
   2.0793369e-01
   6.7447358e-04
   1.8363455e-03
   3.9402032e-04
   3.6839381e-01
   1.3559051e-03
   1.5802921e-01
   5.3972989e-01
   1.9942734e-04
   4.1608015e-01
