   3.2660850e+00   1.1493018e+00
   2.4321554e+00   4.2239008e-01
   2.8169760e+00   7.7294153e-01
   2.4549806e+00   2.8161287e+00
   3.6635287e+00   4.0469638e-01
   3.6239563e+00   3.4520438e+00
   1.9884394e+00   1.3442209e+00
   9.7402262e-01   1.8613628e+00
   1.5130285e+00   2.7172575e+00
   3.8802065e-01   3.7099020e+00
   3.2653097e-01   1.3816966e+00
   3.2730678e+00   3.8771635e+00
   1.1974308e+00   3.1838337e+00
   3.2325038e+00   6.1936438e-01
   3.2562991e+00   9.6189941e-01
   1.0586091e+00   1.0041238e+00
   2.1193200e+00   6.6696442e-01
   3.4451732e+00   3.6666314e+00
   2.6150089e+00   4.7917148e-01
   1.0946940e+00   3.6670876e+00
   3.8992620e+00   7.5155722e-01
   2.2864753e+00   1.6085543e+00
   3.3881703e+00   1.1575544e+00
   3.3175487e+00   2.3746807e+00
   2.3528644e+00   2.4212433e+00
   1.8855540e+00   1.4202446e+00
   1.3815306e+00   3.1617596e+00
   3.2698171e+00   3.5129920e-01
   3.9584288e+00   1.2884972e+00
   2.1810290e+00   3.7486869e+00
   1.0059576e+00   3.4017311e+00
   2.3022952e+00   3.8466760e-01
   1.2201712e+00   3.8727453e+00
   1.7487193e+00   1.7722767e+00
   1.0644075e+00   2.2063468e+00
   3.2073615e+00   3.0071241e+00
   2.0507385e+00   2.3469533e+00
   2.0500479e+00   3.9379970e+00
   2.9573106e+00   2.2771080e+00
   7.7361820e-01   2.6728510e+00
   3.8179696e+00   1.5455142e+00
   3.0189077e+00   3.9346353e+00
   2.5889608e+00   3.5783156e+00
   2.3780309e+00   6.9482562e-01
   1.1427217e+00   2.5951796e+00
   3.5747530e+00   3.5231613e+00
   2.2019181e+00   2.4786643e+00
   1.8489719e+00   3.1326834e+00
   3.1686266e+00   3.0668147e+00
   2.8796910e+00   7.6712991e-01
   3.9640189e+00   2.6559377e+00
   2.4937689e+00   3.6431994e+00
   8.7843650e-01   1.5348970e+00
   7.8392408e-01   2.1162856e+00
   9.3032082e-01   1.1339206e+00
   5.4427262e-01   3.1268419e+00
   1.6885305e+00   1.7977299e+00
   2.9875278e+00   3.8523997e+00
   1.7396835e+00   2.5658597e+00
   4.3325924e-01   1.6082588e+00
   3.2092064e-01   1.0713127e+00
   2.7277967e+00   5.8384685e-01
   3.0848362e+00   2.4655770e+00
   5.5017191e-01   1.2759102e+00
   1.5553033e+00   2.4597539e+00
   2.1403501e+00   4.3655397e-01
   1.4537483e+00   3.6171027e+00
   2.7864689e+00   9.4850261e-01
   3.2910485e+00   2.9674774e+00
   2.8045488e+00   7.3881572e-01
   3.7436759e+00   2.0641257e+00
   2.6639953e+00   3.0479777e+00
   2.4197748e+00   2.2741383e+00
   3.9655063e+00   2.6498856e+00
   5.0184119e-01   3.8423913e+00
   6.1472493e-01   1.1992320e+00
   3.8566274e+00   2.6267028e+00
   1.8000969e+00   3.0607473e+00
   2.8355356e+00   3.4543547e+00
   1.8023507e+00   2.7821716e+00
   3.9814689e+00   3.8844727e+00
   3.4002011e+00   3.1060291e-01
   1.2101715e+00   5.9586757e-01
   1.8409638e+00   2.4005083e+00
   1.6689149e+00   1.5483997e+00
   3.2296642e+00   2.5459002e+00
   4.1880208e-01   7.6040525e-01
   3.2469620e+00   2.4519731e+00
   4.2600727e-01   3.5116133e+00
   3.6832164e-01   7.8358827e-01
   1.9555680e+00   1.6457061e+00
   3.3988090e+00   6.2950915e-01
   3.2451937e+00   9.7612653e-01
   3.7664152e+00   2.5669971e+00
   1.0448554e+00   3.7284260e+00
   3.4919182e+00   3.0313679e+00
   1.2464768e+00   3.1941281e-01
   5.2082124e-01   1.9778260e+00
   3.8841158e+00   2.3458238e+00
   5.4237046e-01   1.6343988e+00
