  -4.5042677e-02
  -5.3868135e-01
   7.0867465e-01
   8.6430441e-01
   2.5629177e-01
  -7.6079554e-01
   1.3340796e+00
  -9.3069391e-01
   4.0205424e-01
   1.2921922e+00
   3.9723096e-02
   1.4692545e+00
  -5.2352022e-01
   9.6400860e-02
   1.0660571e+00
  -1.0555074e+00
   1.1650271e+00
  -9.6964078e-01
  -1.7397734e-01
   8.5471457e-01
   6.9003573e-01
  -8.9721023e-03
   4.3459493e-01
  -9.8693777e-01
  -6.7561079e-01
  -1.3415700e+00
   1.0847936e+00
  -1.6217911e+00
   1.5977036e-01
  -1.0509428e+00
   3.1269403e-01
   3.7010912e-01
   7.3929133e-01
  -7.3905539e-01
   8.9380997e-01
   7.0700489e-01
  -9.2580826e-01
  -8.1458875e-01
   9.4281085e-01
  -8.3693657e-01
   1.0468711e+00
  -1.4103804e+00
   1.0022718e+00
   6.0737811e-01
   8.7756772e-01
   9.1612553e-01
  -9.2644181e-01
  -1.5851927e+00
   9.0254282e-01
  -1.0643273e-01
  -1.3572007e+00
  -1.4281464e+00
  -1.0871933e+00
  -1.0618759e+00
   1.1873713e+00
  -5.6952773e-01
   3.7345603e-01
   1.2566118e+00
  -6.9159749e-01
   8.5096039e-01
  -3.8263677e-01
  -5.0281451e-01
   5.9195048e-01
  -4.2914714e-01
  -1.3635472e+00
   9.3208127e-01
   7.2940639e-02
   2.9661586e-02
  -3.9003468e-01
  -6.3023894e-01
   9.3213186e-01
  -7.9301830e-01
   1.4625522e-01
   1.8352008e-01
   1.5859462e+00
  -8.7155798e-01
  -7.6322068e-01
  -5.3607151e-01
   1.4497877e-01
  -3.0067715e-01
  -6.8731494e-01
   4.3761937e-01
  -7.1884443e-01
   1.5923909e+00
  -6.3204066e-03
  -1.6044040e-01
   1.8509357e-01
   4.3800268e-01
   7.2718902e-01
   1.3116916e+00
  -1.2432216e+00
  -9.6400344e-01
  -6.3480191e-01
   4.0738720e-01
  -3.5257046e-01
   1.3348544e+00
  -1.5399291e+00
   9.5116933e-01
   6.1267920e-01
   3.3602544e-01
