  -2.9555548e-02  -7.0422845e-01
  -4.7566918e-01  -9.4200765e-01
   3.6622369e-01   1.4494065e-01
   8.2237144e-01  -9.4003688e-01
   1.4100324e-01   4.2306795e-01
  -4.6944399e-01  -5.7192331e-01
   8.5694362e-01  -4.8962606e-01
  -8.7151049e-01   9.1718601e-01
   2.5260334e-01  -6.3621888e-01
   8.9655742e-01   5.9691318e-01
   3.2786763e-02  -9.1991470e-01
   9.1340721e-01  -3.8168127e-01
  -4.5595748e-01   9.3418491e-01
   5.3980071e-02  -4.6601961e-01
   8.2238486e-01  -7.5624888e-01
  -5.7062965e-01   2.1475560e-01
   6.5357060e-01   2.9070488e-01
  -7.2334457e-01   7.4884926e-01
  -1.2449712e-01   7.9465839e-01
   7.5056536e-01  -8.9364488e-01
   4.0862460e-01   5.1902643e-01
  -5.9556344e-03   7.1780793e-01
   2.1919373e-01  -3.6553616e-02
  -8.4434320e-01  -8.4980701e-01
  -5.1713461e-01  -8.1855755e-01
  -9.4843169e-01  -5.9956834e-01
   6.9295387e-01   5.5657338e-01
  -9.7027441e-01  -1.8544087e-01
   1.0083178e-01   6.5408329e-01
  -7.6065768e-01  -7.0406406e-01
   1.7589825e-01   4.6582953e-01
   2.4442189e-01  -7.0021651e-01
   4.9403539e-01   6.7686069e-01
  -3.8014382e-01   9.0733897e-02
   8.3300822e-01   9.2233627e-01
   5.6453194e-01  -8.4900948e-01
  -7.9790645e-01   8.6766678e-01
  -4.3779090e-01  -2.8115183e-01
   8.1501055e-01  -8.6613921e-01
  -7.7782568e-01   9.3186699e-01
   5.7963903e-01   2.9890581e-01
  -7.9544089e-01  -1.5876636e-01
   5.3588778e-01   1.9288145e-01
   3.2411085e-01  -3.0582312e-01
   5.4619594e-01  -5.6474675e-01
   8.6396286e-01  -9.2431741e-01
  -6.4623114e-01  -6.9314914e-01
  -9.5915648e-01  -2.5323552e-01
   6.6727784e-01   7.5363004e-01
  -5.3612815e-02  -1.1770338e-01
  -7.8270746e-01   2.7553961e-01
  -8.2189124e-01  -2.2438664e-01
  -7.6974082e-01   6.7439206e-01
  -6.6405428e-01   5.3263455e-01
   9.4502068e-01  -7.4883146e-01
  -4.2799273e-01  -8.1467772e-01
   1.9804780e-01   3.2063656e-01
   7.0441898e-01  -2.4465923e-01
  -5.1043097e-01  -7.8441531e-01
   4.5433680e-01   2.4762193e-01
  -1.9841858e-01   2.4320113e-01
  -3.7879887e-01   8.2325487e-01
   3.0759821e-01   2.1226352e-01
  -2.1634960e-01  -2.9308856e-02
  -7.6132794e-01   1.5348198e-01
   9.5707632e-01   9.6420233e-01
   3.6503589e-02   3.7136575e-02
   1.5537313e-02  -3.0259655e-01
  -3.4995624e-01   9.6574863e-01
  -6.0545650e-01   9.8402057e-01
   7.2578576e-01   7.9231487e-01
  -4.6426341e-01   4.8316069e-01
   7.7361665e-02   3.2947327e-01
   1.0293111e-01   4.6672539e-01
   9.2651394e-01  -1.2816737e-01
  -4.6084897e-01  -2.0073565e-01
  -4.6856452e-01  -5.6421758e-01
  -3.8002043e-01   7.6325999e-01
   1.1459527e-01   8.8413933e-01
  -2.4362142e-01   8.9790972e-01
  -5.0846988e-01  -7.8711434e-01
   3.5235824e-01  -8.8404935e-01
  -4.7741137e-01  -6.7255209e-01
   9.2297251e-01   5.4947841e-02
  -4.8465435e-03  -8.6050382e-01
  -1.4445539e-01  -9.7970850e-01
   1.3558415e-01  -8.1663995e-01
   2.2607692e-01   2.1487003e-01
   6.1398651e-01  -8.8782901e-01
   7.6156683e-01   3.1620086e-01
  -6.8004339e-01   1.5163979e-01
  -8.2164615e-01  -8.5232928e-01
  -3.7373080e-01  -5.1686150e-01
   2.1470549e-01  -2.9760993e-01
  -2.4252316e-01  -7.4652265e-01
   8.5108553e-01   4.7881728e-01
  -8.8597303e-01  -1.0864035e-01
   9.8803182e-01  -9.6477677e-01
   3.3391614e-01   3.6341656e-01
   2.3429992e-01   7.6166617e-01
