   2.1784625e+00   3.1192115e+00
   3.1900379e+00   2.6155830e+00
   1.3728710e+00   3.0551864e-01
   2.3368570e+00   3.6353790e-01
   2.4262617e+00   1.9903601e+00
   1.0543986e+00   1.1197870e+00
   2.3543768e+00   1.6742565e+00
   1.0922293e+00   1.9325590e+00
   2.3318799e+00   5.2455132e-01
   5.5814837e-01   1.6469568e+00
   3.4836558e+00   1.6944156e+00
   1.0710160e+00   1.4145889e+00
   1.1829388e+00   3.6980400e+00
   1.7081653e+00   2.0661975e+00
   1.3632556e+00   9.6745202e-01
   3.0769356e+00   1.3990393e+00
   1.4800742e+00   3.3684081e+00
   6.9726780e-01   2.5870588e+00
   3.2827027e+00   2.7553183e+00
   1.2326163e+00   2.5799526e+00
   2.1644480e+00   1.2666869e+00
   4.4744810e-01   3.5282453e+00
   2.6095169e+00   3.1986207e-01
   1.7335339e+00   1.6514446e+00
   1.4406132e+00   2.4902958e+00
   1.5285849e+00   3.7219045e+00
   3.7468950e+00   1.9946181e+00
   2.0315614e+00   1.8695704e+00
   3.0026267e-01   2.7233580e+00
   2.9853879e+00   3.1276743e+00
   1.7780868e+00   1.7046812e+00
   3.8481745e-01   1.9800552e+00
   2.6596468e+00   2.6820674e+00
   1.9256024e+00   3.0200717e+00
   2.4895458e+00   2.6451398e+00
   2.5865431e+00   3.1968938e+00
   1.9801577e+00   4.2760197e-01
   4.8161552e-01   6.7319065e-01
   2.9628684e+00   4.5444088e-01
   3.0383436e+00   8.9391817e-01
   1.7977555e+00   3.3895109e+00
   4.9022634e-01   2.3699061e+00
   3.8076172e+00   9.3648029e-01
   3.5463313e+00   3.7735563e+00
   3.3623048e+00   2.3059895e+00
   1.9599554e+00   3.3719541e+00
   3.5725564e+00   1.4745420e+00
   3.4587578e+00   1.1611356e+00
   2.6966260e+00   2.8973771e+00
   2.1750981e+00   2.2231995e+00
   5.8128476e-01   1.3587413e+00
   1.6409055e+00   4.0238983e-01
   1.1550373e+00   8.6537074e-01
   3.4826679e+00   3.2005137e+00
   2.6472432e+00   2.2193820e+00
   3.0063913e+00   1.8422446e+00
   8.7851455e-01   7.0162596e-01
   3.8136937e+00   2.6362824e+00
   1.7815649e+00   7.6891420e-01
   2.5621307e+00   2.4483816e+00
   3.2544102e+00   9.8265139e-01
   2.8395683e+00   2.1311710e+00
   3.0017887e-01   1.5411303e+00
   2.1598333e+00   1.0653404e+00
   3.9467940e+00   6.8911243e-01
   3.2591377e-01   8.6844032e-01
   4.5143850e-01   3.5313193e+00
   6.8266477e-01   2.9801745e+00
   2.5326043e+00   3.1326145e-01
   4.7090406e-01   3.2985364e+00
   1.8609262e+00   1.2088029e+00
   1.6166935e+00   3.5779652e+00
   2.8813807e+00   3.4053384e+00
   1.6430176e+00   1.6155993e+00
   1.5008537e+00   1.4664143e+00
   2.8066602e+00   8.7048934e-01
   2.4580338e+00   1.7371659e+00
   1.1896827e+00   1.4301274e+00
   1.6870063e+00   3.3383505e+00
   1.0575181e+00   1.3355647e+00
   1.2569757e+00   3.4503796e+00
   3.4350636e+00   1.0225551e+00
   1.8800515e+00   1.6135091e+00
   2.7308370e+00   1.5801097e+00
   2.2657055e+00   2.4668360e+00
   3.7669705e+00   1.9881279e+00
   1.5336630e+00   4.4226023e-01
   1.6353738e+00   1.7060577e+00
   3.0620261e+00   2.3220021e+00
   3.4965390e+00   5.5255485e-01
   3.8159895e-01   1.0889379e+00
   3.4432385e+00   3.1560210e+00
   3.2882141e+00   2.6324037e+00
   2.3082969e+00   3.2922690e+00
   1.9049974e+00   3.7951303e-01
   2.5290166e+00   3.4350049e-01
   1.5398893e+00   1.7755477e+00
   3.1789967e+00   1.0758740e+00
   6.5786309e-01   2.4752845e+00
   1.9722334e+00   3.3440710e+00
