   1.5749483e-01
   6.8079859e-03
   1.4465357e-01
   2.9045265e-02
   8.9593191e-02
   3.2111081e-01
   8.4873527e-02
   6.5146966e-01
   3.3252860e-02
   4.2675232e-01
   1.1326754e-03
   4.1838534e-01
   3.6697428e-01
   4.3626957e-01
   2.4695801e-01
   5.5488468e-03
   4.0639991e-01
   7.5558386e-01
   4.3137316e-03
   7.8525657e-01
   9.4707602e-02
   3.2645021e-01
   1.2595192e-02
   3.0409311e-01
   6.8623163e-01
   2.8081012e-01
   3.6314061e-04
   2.1599023e-01
   4.9032497e-01
   1.2179563e-02
   2.9786417e-01
   4.6582511e-01
   5.1612142e-02
   2.8871215e-01
   8.9057719e-02
   4.7869504e-02
   6.9632950e-02
   1.6846291e-01
   3.9409161e-03
   4.1508754e-03
   2.6575877e-01
   6.3368969e-01
   1.0349788e-04
   5.4146618e-04
   3.0467178e-03
   2.0298689e-01
   5.9338221e-04
   7.9146995e-04
   4.1399548e-02
   1.9689783e-01
   3.3534304e-01
   1.1841963e-01
   2.5212985e-01
   1.2447833e-03
   5.1855698e-02
   1.0934790e-02
   2.2221843e-01
   2.9915388e-04
   1.2936308e-01
   7.2454840e-02
   1.7717307e-03
   2.5381930e-02
   2.8912466e-01
   7.9946072e-02
   3.7805172e-05
   1.6438006e-01
   3.2697066e-01
   6.3205875e-01
   1.5961086e-02
   4.1129863e-01
   1.6620616e-01
   2.8943533e-01
   1.4371454e-02
   3.3365056e-01
   3.4304805e-01
   9.9173317e-03
   6.6967253e-02
   4.1143427e-01
   3.2781012e-01
   3.8995790e-01
   4.4507758e-01
   7.8623764e-04
   2.3210957e-01
   2.4433988e-02
   1.6775545e-01
   3.2362027e-04
   1.3841130e-01
   3.6487371e-01
   1.1558509e-02
   3.9341227e-04
   2.1378502e-01
   1.5675874e-03
   4.3710654e-03
   9.8796434e-02
   7.7392449e-02
   1.6499632e-02
   4.3317668e-01
   2.6853856e-03
   7.4090109e-01
   2.0318752e-01
