   2.2426916e-01
   2.4984476e-04
   4.5147998e-01
   4.5313251e-01
   7.0986776e-02
   3.5243877e-01
   9.1068230e-02
   1.2281302e-01
   9.0776568e-03
   3.1612848e-01
   1.5587659e-01
   6.0722348e-02
   5.8646929e-01
   7.7265382e-02
   1.7662958e-03
   5.6605578e-01
   1.5670002e-02
   2.4886020e-03
   1.1265055e-01
   5.1755246e-01
   1.9196128e-01
   3.9979077e-05
   2.3407137e-01
   4.0375404e-03
   4.5831150e-01
   5.4395669e-01
   4.5744214e-02
   2.9732726e-01
   1.7829348e-04
   4.8412050e-01
   1.9041274e-01
   5.3795974e-01
   5.2658412e-01
   3.8561786e-03
   2.4191505e-02
   2.1478547e-02
   3.7882294e-02
   5.0264642e-02
   4.9970208e-01
   2.5925816e-01
   1.7179253e-03
   3.1578702e-01
   7.4761022e-02
   6.1605233e-02
   3.5772368e-02
   7.2081799e-01
   5.1780518e-01
   8.2473677e-03
   1.8121216e-04
   3.0366112e-01
   7.8014484e-04
   2.8912289e-04
   1.5795592e-03
   1.0434912e-02
   4.1898169e-01
   1.7521286e-04
   1.6853689e-03
   7.8057191e-04
   1.8214960e-03
   2.5375868e-01
   5.3423912e-04
   3.6125374e-04
   3.0042915e-01
   1.0074183e-02
   1.0273729e-01
   4.8975135e-02
   5.9655815e-05
   9.6022179e-04
   3.8898354e-05
   3.6420381e-01
   6.8041463e-01
   6.6770442e-01
   2.3399755e-01
   1.3733643e-01
   1.7032919e-01
   4.6307234e-04
   1.2188893e-02
   3.5362363e-03
   3.5553360e-01
   4.6684321e-01
   2.8389232e-01
   4.3489806e-02
   7.5777470e-02
   3.7053921e-01
   1.1686995e-01
   3.1828358e-01
   5.0180303e-02
   5.4655349e-03
   4.9015940e-03
   1.9401870e-04
   4.9220978e-03
   9.4562031e-02
   3.8627754e-01
   4.7946523e-01
   1.1217916e-01
   7.4406525e-01
   4.4077554e-01
   4.2122600e-03
   3.0068544e-01
   8.0844138e-03
