   9.8955592e-01   6.9488461e-01
   3.8051490e+00   1.9248223e+00
   1.7728086e+00   2.3623356e+00
   8.1486122e-01   3.4656596e+00
   2.3030788e+00   3.6741386e+00
   4.1291066e-01   1.5999221e+00
   2.3292652e+00   1.6777410e+00
   1.7673779e+00   6.7827121e-01
   3.1154988e+00   2.7330948e+00
   9.0230295e-01   1.1095965e+00
   2.0319704e+00   3.5057959e+00
   2.4964852e+00   1.7555981e+00
   6.1573719e-01   1.9793745e+00
   2.1394208e+00   9.7248891e-01
   3.1745254e+00   5.4952256e-01
   7.9512631e-01   3.2028475e+00
   2.8907213e+00   3.2669078e+00
   3.3737051e+00   2.0146501e+00
   2.1986470e+00   3.4539637e+00
   3.1781110e-01   2.6148976e+00
   1.6198341e+00   9.6781670e-01
   3.9001804e+00   4.1125977e-01
   8.3523323e-01   7.8018042e-01
   3.1666332e+00   1.4677426e+00
   1.6356234e+00   3.0066779e+00
   1.3418392e+00   3.1600272e+00
   2.3106152e+00   8.4970443e-01
   1.8067828e+00   3.2444585e+00
   3.7051243e+00   9.1177753e-01
   1.6205274e+00   2.9532808e+00
   7.1628416e-01   5.9066029e-01
   1.2438104e+00   1.7573041e+00
   8.7600535e-01   3.3185708e+00
   3.3085103e+00   2.2609085e+00
   2.6296637e+00   3.8052189e+00
   2.7396849e+00   1.4717188e+00
   2.7572351e+00   2.4392120e+00
   2.3249250e+00   1.0038477e+00
   1.3580115e+00   1.7513661e+00
   6.6005868e-01   3.9953982e+00
   3.3755082e+00   1.5716465e+00
   1.4655756e+00   3.6617120e+00
   2.5154992e+00   2.8813655e+00
   2.0344405e+00   4.1014988e-01
   2.7353820e+00   2.0807254e+00
   1.2656996e+00   2.8045501e+00
   1.3527626e+00   1.7891870e+00
   2.8569096e+00   8.7013682e-01
   3.9018708e+00   2.3763211e+00
   1.3454652e+00   3.8125043e+00
   3.4597741e+00   3.8493931e+00
   3.6349135e+00   3.9627810e+00
   3.3996904e+00   3.3932512e+00
   3.0834350e+00   2.7200961e+00
   1.2587857e+00   3.5159399e+00
   3.8044124e+00   3.4959542e+00
   3.4343896e+00   3.1191211e+00
   3.4167864e+00   9.1149029e-01
   3.1754785e+00   5.9405438e-01
   2.0528947e+00   2.1829099e+00
   3.4493124e+00   6.4424897e-01
   3.7379824e+00   1.9200788e+00
   3.8970149e-01   1.4542945e+00
   2.9976230e+00   1.7028582e+00
   2.0253830e+00   3.9836918e+00
   2.4874169e+00   3.5171212e+00
   3.9426415e+00   3.8072543e+00
   3.4339277e+00   1.2409279e+00
   3.9137797e+00   4.7941904e-01
   1.5759643e+00   3.3778032e+00
   1.3262440e+00   2.8482846e+00
   1.4707068e+00   2.5052810e+00
   1.5450087e+00   1.0945372e+00
   2.3279697e+00   2.2801263e+00
   1.3552612e+00   5.0629556e-01
   3.6886792e+00   1.8948824e+00
   2.7815282e+00   1.0057315e+00
   3.2063173e+00   1.5127692e+00
   9.7711990e-01   3.7693312e+00
   8.2127764e-01   3.4352579e+00
   5.0625521e-01   1.2508395e+00
   2.5879819e+00   1.6956605e+00
   2.4827831e+00   3.0140030e+00
   1.6876333e+00   3.1942293e+00
   3.8368743e-01   3.4305712e-01
   8.8922937e-01   1.1203127e+00
   2.1750597e+00   5.4816565e-01
   3.2125366e+00   2.9109203e+00
   3.1195391e+00   3.5409564e+00
   3.7570017e+00   1.3266844e+00
   3.2421658e+00   2.8633752e+00
   1.9807671e+00   8.1435006e-01
   1.5742751e+00   1.6866453e+00
   7.9158127e-01   3.3927480e+00
   2.3765649e+00   2.8742688e+00
   1.0681764e+00   2.8711278e+00
   7.3662465e-01   3.4574386e+00
   3.1403223e+00   1.3899764e+00
   1.9918445e+00   2.7085815e+00
   2.9856195e+00   1.4049231e+00
