  -9.7268887e-01   2.0068959e-01
  -2.5187961e-01  -8.3000587e-01
   8.4537044e-01   8.4471600e-01
   9.2959296e-02  -8.9280437e-01
  -5.2226260e-02   5.4049905e-02
  -6.9253631e-03  -7.6229345e-01
  -3.8205784e-01  -2.3971402e-01
   9.0167512e-01   6.2566507e-01
   9.6398656e-01  -5.1180817e-01
   2.7126207e-02   7.6884532e-01
   9.8517964e-01   4.2529359e-01
  -8.8312596e-02  -2.4370312e-01
  -1.4791824e-01  -5.0216078e-01
  -5.7357044e-01  -4.9429251e-01
  -6.1350104e-01   5.3448719e-01
   6.6550849e-01  -9.0027623e-01
   4.5327420e-01   3.7057714e-01
   5.9491388e-02   2.4055624e-01
   6.5816147e-01   4.9336926e-01
   2.3748863e-02   9.5451130e-01
   1.0392369e-01  -2.3217297e-01
  -5.7343021e-01  -4.7958880e-01
   1.7564125e-01   7.5493907e-01
  -7.1447355e-01   6.1219197e-01
  -8.9555294e-01  -7.7757840e-02
   3.6661583e-01  -8.1807662e-01
   2.1711896e-01   1.2853765e-01
  -5.6068813e-01  -6.2523422e-01
  -1.8744012e-01   6.3379172e-02
   2.5981589e-01  -2.8993336e-01
   1.1061525e-01  -3.7043299e-01
  -7.4484188e-01   4.5348294e-01
  -6.6160334e-01   3.1545716e-02
  -9.9800116e-01   5.8128980e-01
  -1.6367506e-01  -5.9101484e-01
  -2.3028642e-02   3.5621216e-01
  -6.8026231e-01  -8.9502891e-01
   3.3367715e-01   6.0234472e-01
  -9.6415926e-01   3.5713728e-01
  -7.6064929e-01   8.9201789e-01
   9.0425062e-01  -8.1688371e-01
   9.5170794e-01   8.1687674e-01
  -9.3817092e-01   1.9906074e-02
  -1.2236312e-02   2.2980713e-01
   7.2544426e-01  -3.6785760e-01
  -5.1424767e-01  -8.4502504e-01
   6.6854033e-01   7.0122813e-01
   6.2718238e-01  -7.1094619e-01
   2.5794621e-01  -2.5902841e-01
  -9.9552360e-01   2.4478287e-01
  -2.4055212e-01   9.9510380e-01
   8.0881139e-01   3.4688266e-02
   3.6070333e-01   9.8102243e-01
  -2.4235374e-01  -5.4693107e-01
   2.6390942e-01  -2.0398963e-01
  -5.1346096e-01   3.9313738e-01
   1.4282614e-01  -8.7071848e-01
   9.6345755e-01   4.9532316e-01
   6.9936404e-01  -1.5919914e-01
  -4.3311163e-01   6.2263484e-01
   3.6491533e-01  -2.4078943e-01
  -2.8375094e-01  -3.6186436e-01
   9.7385354e-01   9.7210213e-01
  -8.3202741e-01   4.3636181e-01
  -4.9938823e-01  -1.7363328e-01
   6.2269323e-01  -8.0273953e-01
  -8.3115379e-01   4.6911825e-01
   6.2507927e-02   2.7461258e-01
   6.0124596e-01  -8.5231625e-01
   4.7764648e-01  -7.5898367e-01
  -7.1667404e-01   9.6319242e-01
  -1.2421148e-01  -6.4011564e-03
  -2.9923926e-01  -9.5517269e-01
  -4.3005006e-02  -8.9233690e-01
   1.7480680e-01  -7.1825240e-01
  -7.0838861e-01   7.8694862e-01
   8.1066121e-01  -6.8359854e-02
   2.8038850e-01   1.2171348e-01
  -6.7412086e-01  -1.1087305e-02
   1.3182118e-01  -8.6442902e-01
   8.6323227e-01   7.9529308e-01
   5.6620377e-01  -4.2286938e-01
   3.7137427e-01  -4.6190637e-01
  -6.7561430e-02   1.8838835e-01
  -4.7936381e-01  -4.8241952e-02
   1.3853634e-01  -2.6337792e-01
  -5.0245867e-01   3.1122218e-01
  -3.6139682e-01   8.7640081e-01
   8.2160446e-01   2.4085037e-01
   7.7044008e-01  -4.3431982e-01
   5.8917885e-01  -5.8963750e-01
   8.5161961e-01  -1.2173184e-01
  -6.4232010e-01  -9.4549956e-01
   3.5082296e-02   7.5236867e-01
   2.5401063e-01   2.2018449e-01
   8.2636469e-01  -5.9281524e-01
   3.2793651e-01   3.9833650e-02
  -2.2161435e-01  -8.9235140e-01
   4.8001516e-01   7.2437486e-01
   6.3526972e-01  -1.1413067e-01
