  -1.6196326e+00
  -3.3638926e-01
   9.9354781e-01
   1.1644591e-01
  -1.0425258e-01
  -1.0017514e-02
  -7.2433994e-01
   1.2715748e+00
   1.4324168e+00
   3.8987188e-02
   1.5182654e+00
  -1.7118339e-01
  -2.5836927e-01
  -9.5536737e-01
  -9.9087197e-01
   7.6737034e-01
   8.1637070e-01
   1.1548859e-01
   1.0774355e+00
   2.7451467e-02
   2.0190668e-01
  -9.6262519e-01
   2.5453029e-01
  -1.0724511e+00
  -1.5563926e+00
   4.9010286e-01
   4.2728003e-01
  -8.6234447e-01
  -3.7194064e-01
   4.9236052e-01
   2.0580429e-01
  -1.2186849e+00
  -1.2281540e+00
  -1.4047194e+00
  -2.7061151e-01
  -4.3162199e-02
  -7.8687050e-01
   5.3975843e-01
  -1.5394601e+00
  -8.6565938e-01
   1.0759763e+00
   1.1149266e+00
  -1.6126364e+00
  -2.3828654e-02
   1.2381637e+00
  -6.5293381e-01
   9.4717987e-01
   8.8938886e-01
   4.9317018e-01
  -1.6280641e+00
  -2.5940204e-01
   1.4460638e+00
   3.9258302e-01
  -4.0995972e-01
   5.1089609e-01
  -9.0744487e-01
   1.8341419e-01
   1.4449550e+00
   1.2711818e+00
  -6.8187750e-01
   6.9314901e-01
  -5.2365600e-01
   9.3220065e-01
  -1.3400448e+00
  -9.4337559e-01
   8.1037819e-01
  -1.3178095e+00
   1.2025321e-01
   7.4469511e-01
   6.6704361e-01
  -7.5002867e-01
  -2.4777959e-01
  -3.4046733e-01
  -5.3962762e-02
   2.6190535e-01
  -9.1867508e-01
   1.4461004e+00
   5.4936354e-01
  -1.2483447e+00
   1.7062839e-01
   1.0640412e+00
   9.7836116e-01
   6.4973294e-01
  -1.3263122e-01
  -9.2135640e-01
   2.6666323e-01
  -9.1689320e-01
  -4.5252806e-01
   1.4222075e+00
   1.2635803e+00
   9.2369583e-01
   1.4935617e+00
  -7.0129894e-01
   5.1214714e-02
   4.9044222e-01
   1.2199603e+00
   6.4366938e-01
  -2.7589153e-01
   6.9168576e-01
   1.1790682e+00
