   6.5306134e-01
   1.0161018e+00
  -4.6362017e-02
   1.8912769e-02
  -1.0987262e+00
  -1.1493464e+00
   1.0573215e+00
   4.2155254e-01
   1.0831099e+00
   1.2447997e+00
   5.7153744e-01
  -1.2817769e+00
   6.5301507e-01
  -1.0087296e+00
   2.2099062e-01
   2.1528671e-01
  -1.0758670e+00
   1.5267177e+00
   4.0419198e-01
   5.9061426e-01
  -2.5135061e-01
   7.8725146e-01
  -1.1628039e-01
  -3.4547579e-01
   1.6494146e+00
  -3.3937565e-02
  -1.2332674e+00
   1.0308353e+00
  -4.8622360e-01
  -4.2712858e-01
  -3.2933848e-01
   9.2945374e-01
   9.5955468e-02
  -1.6248662e+00
  -5.4747149e-01
   6.3794393e-01
  -2.6498314e-01
  -8.2952732e-01
  -6.9964843e-01
  -8.6211124e-01
  -1.7566500e-02
  -1.4616068e+00
  -4.3198958e-01
  -5.5646383e-01
  -6.3973421e-01
  -9.0407450e-01
   5.3278085e-01
  -1.1917137e+00
   1.0575955e+00
  -7.4835461e-01
  -5.5906853e-01
   5.6652305e-01
  -1.4872745e+00
   8.4131964e-01
   4.9119248e-01
   1.4572860e+00
  -1.2570608e+00
   4.4565793e-01
   4.8053919e-01
   1.2636561e+00
   2.1286859e-01
   1.1995647e+00
  -1.5628927e+00
   8.4881996e-01
   6.0133002e-01
   7.5302225e-01
  -5.4983308e-01
   7.1697120e-02
  -1.6816965e-01
  -9.3520333e-01
   1.2019170e+00
  -1.2840717e+00
   7.9833163e-02
  -9.5954887e-01
   1.4396371e+00
   1.5770361e-01
  -9.4614085e-01
   1.3099061e+00
  -1.4256939e+00
  -1.3006274e+00
  -6.2725594e-01
   1.0266214e+00
  -5.5536331e-01
  -1.5579034e+00
   1.1462185e+00
  -4.9378480e-01
   1.0807111e+00
   1.3699017e+00
   5.0353240e-01
   1.3356651e-01
   1.2261186e+00
  -1.0147253e+00
  -1.0023205e+00
  -1.3036542e+00
  -6.4302466e-01
  -1.2343673e+00
   1.6772386e+00
  -2.1342704e-01
   9.3742698e-01
   6.8322698e-01
