   3.9087289e-01   5.4128802e-01
   8.4554684e-01   8.2452017e-01
  -2.4950722e-02  -3.7864046e-01
   1.1384897e-02  -5.9056586e-01
  -9.9074848e-01  -8.5424236e-01
  -6.2306250e-01   1.7440137e-01
   5.5927889e-01   8.4973242e-02
   2.2165190e-01   2.8817164e-01
   5.8491372e-01   1.9601052e-01
   6.7580090e-01  -9.9960536e-02
   3.7471680e-01  -6.7489964e-01
  -8.3713180e-01   5.2984147e-01
   6.1228114e-01   9.6660066e-01
  -7.3044601e-01  -7.1370711e-01
   1.3982870e-01   6.5540675e-01
   1.4938301e-01   7.6226560e-01
  -9.6779450e-01  -8.5909944e-01
   8.6965663e-01  -4.4269308e-02
   2.2956005e-01   4.7750959e-01
   3.3714978e-01   4.6747382e-01
  -1.5645438e-01   6.3249055e-01
   4.0553435e-01   6.6960122e-02
  -5.8606728e-02   1.2166679e-01
  -1.8221413e-01  -3.0694782e-01
   9.7727204e-01   1.0151129e-01
  -2.9498520e-02  -9.5779458e-01
  -7.6547452e-01   4.7354243e-01
   7.1617183e-01   6.6794348e-01
  -3.1604842e-01   6.7263932e-01
  -3.6724173e-01  -9.3375926e-01
  -2.4494571e-01   8.2434469e-01
   7.3976333e-01  -8.1014964e-01
   6.2866536e-02   7.0181602e-01
  -9.4968898e-01   4.4399639e-02
  -5.0328950e-01  -9.6726709e-01
   4.4736097e-01  -7.4164569e-01
  -1.3523764e-01   1.8634941e-01
  -4.7709883e-01   4.4357474e-01
  -6.2118188e-01  -9.2594956e-01
  -5.7104397e-01  -6.4766132e-01
  -1.0210836e-02  -5.3512673e-01
  -9.3399834e-01   4.3002559e-01
  -2.5475148e-01   5.4117211e-01
  -2.8664665e-01   1.7875896e-01
  -4.5058692e-01   7.4587757e-01
  -4.7120215e-01  -9.2017213e-02
   4.8903076e-01   9.6785809e-01
  -7.3663250e-01  -4.8007717e-01
   6.0616801e-01   3.8133828e-01
  -3.9119388e-01   1.9348760e-01
  -3.1430758e-01  -4.4134220e-01
   3.1868237e-01  -4.4158017e-01
  -9.2207102e-01   3.6753542e-01
   5.4428568e-01   6.2256215e-01
   3.8016916e-01  -8.4751756e-01
   8.5449089e-01  -2.6125461e-01
  -8.7596283e-01   6.1247417e-01
   3.7493324e-01   9.1666198e-01
   4.5138977e-01   9.8746968e-01
   6.9305881e-01  -1.4885546e-01
   1.0760015e-01  -1.3369402e-01
   6.8479349e-01  -3.2310887e-01
  -9.0216222e-01  -9.0664318e-02
   5.1760889e-01   5.3995055e-01
   3.5199975e-01   5.1140056e-01
   7.4885819e-01   9.8478787e-01
  -3.3811353e-01  -5.9385319e-01
   3.6999339e-02  -2.4916606e-01
  -9.2109589e-02   4.1734035e-01
  -6.4099387e-01  -6.7300411e-01
   6.9479891e-01  -3.5207589e-01
  -9.0714805e-01   6.1802450e-01
   4.7192144e-02  -5.6208620e-01
  -5.3459274e-01  -3.4322382e-01
   8.0654781e-01  -7.6003592e-02
   8.2513931e-02  -2.9533967e-01
  -8.0263005e-01  -8.5292088e-01
   7.1416726e-01   1.0386137e-02
  -9.1452406e-01  -4.5160006e-01
  -7.1591650e-01   1.3527088e-01
  -5.6500470e-01  -9.4497778e-01
   5.5492415e-01   2.2743452e-01
  -2.8478810e-01  -1.5277607e-01
  -9.4935244e-01   2.9059144e-01
   6.6755922e-01  -3.8776387e-01
  -2.7360437e-01  -4.1843084e-01
   5.7712361e-01  -1.3896912e-01
   7.5931933e-01   1.0054847e-01
   3.5301568e-01  -7.5507791e-01
   9.0488124e-02  -7.3914991e-01
   7.9777771e-01  -5.4242360e-01
  -8.0101306e-01  -7.8615320e-01
  -8.1812142e-01  -8.1392564e-01
  -9.3152134e-01  -6.2285419e-01
  -3.5165154e-01   3.6699102e-01
  -6.6786848e-01   8.2965177e-02
   9.9615719e-01   4.2813844e-02
  -1.6902960e-01   8.8363315e-01
   5.0866677e-01   2.7500247e-01
   3.8662699e-01   4.3711511e-01
