   1.2327191e-01
   7.4912998e-01
   8.1804457e-01
   4.2379357e-02
   9.7497685e-03
   4.2900250e-04
   5.8732611e-01
   2.3518332e-03
   2.0920146e-03
   1.9367283e-01
   1.2737212e-01
   5.0398492e-01
   6.2405987e-01
   3.4020247e-02
   9.1856992e-02
   3.6207560e-02
   3.2597809e-01
   2.3660137e-03
   2.1863125e-01
   8.0589498e-04
   5.6047002e-01
   1.6169977e-02
   8.7931111e-04
   5.3117745e-01
   1.0466707e-01
   1.5570686e-03
   3.7864993e-02
   3.0460293e-03
   4.1658943e-02
   6.6914958e-04
   3.1412151e-01
   2.3820204e-01
   4.2453487e-04
   1.0071742e-01
   1.7297434e-01
   2.1945563e-02
   6.1557024e-01
   4.7096594e-01
   1.2283789e-03
   4.1750352e-01
   5.4773054e-01
   1.5429200e-01
   5.6549495e-01
   3.4801005e-03
   5.1742047e-01
   2.0047740e-01
   1.1462920e-02
   1.5087408e-03
   3.7558653e-02
   5.4167650e-04
   4.9772437e-04
   6.6282261e-02
   4.3539390e-04
   9.1645059e-04
   5.5884547e-01
   1.0761732e-04
   5.3208675e-04
   3.0622499e-01
   6.5819305e-03
   1.3735762e-01
   3.1671565e-01
   9.3168539e-03
   2.7809410e-02
   1.9272915e-02
   7.1501451e-01
   7.2417808e-01
   4.9891288e-03
   4.9087736e-02
   2.2495276e-01
   6.7273482e-01
   5.4223124e-01
   1.9075141e-01
   6.1404564e-02
   6.6073909e-01
   5.0668514e-01
   9.4049092e-02
   1.0267319e-01
   1.8862121e-01
   6.0952678e-01
   2.9501584e-01
   3.9788609e-01
   1.7758203e-02
   5.7776815e-03
   1.7940918e-02
   2.6901503e-02
   1.1399500e-04
   6.3252663e-02
   5.6833718e-01
   3.9041468e-01
   8.2372749e-01
   2.9598827e-01
   2.6640082e-02
   6.0751999e-04
   4.7806837e-01
   4.7301293e-01
   2.5838829e-02
   6.7496280e-01
   7.6954759e-01
   2.1090445e-01
   1.3931371e-01
