   4.5092884e-01   3.0893983e-01
   1.2994543e+00   2.3572090e+00
   9.6211064e-01   2.3562168e+00
   2.2525943e+00   5.7280922e-01
   3.0197785e+00   1.7685642e+00
   3.6952424e+00   3.1571552e+00
   4.1321424e-01   2.4183814e+00
   3.3496069e+00   1.7913558e+00
   3.4353586e+00   2.2362914e+00
   2.0376520e+00   1.7521983e+00
   1.6701793e+00   5.4799289e-01
   5.7985573e-01   3.1805199e+00
   9.2884117e-01   3.1279466e+00
   2.7862691e+00   2.4035600e+00
   2.4834782e+00   2.5735118e+00
   2.7708168e+00   2.4788204e+00
   1.9659607e+00   2.5815257e+00
   3.2301939e+00   1.1871761e+00
   1.9864532e+00   3.2270097e+00
   3.6095208e+00   2.9108928e+00
   5.6845909e-01   3.0301424e+00
   2.6511104e+00   8.1214576e-01
   3.2919004e+00   3.2031397e-01
   1.4880638e+00   3.0325150e+00
   2.2834651e+00   3.2999107e+00
   3.5044958e+00   2.3894696e+00
   2.2765997e+00   5.0602348e-01
   3.2363649e+00   1.4954567e+00
   2.4690627e+00   3.7543744e+00
   3.5615759e+00   3.4552040e+00
   1.9397524e+00   2.8410590e+00
   6.4470642e-01   9.1877959e-01
   3.7391360e+00   2.8147579e+00
   1.8487181e+00   5.9440479e-01
   2.2487995e+00   2.3757139e+00
   2.8564913e+00   1.9984547e+00
   5.0223210e-01   2.7607498e+00
   1.5595154e+00   1.9062234e+00
   3.2333182e+00   4.1360064e-01
   3.2421691e-01   1.9369121e+00
   5.0054707e-01   2.0281461e+00
   1.3140729e+00   3.3842217e-01
   1.6226716e+00   2.4961361e+00
   3.1899097e+00   1.4160345e+00
   9.9872644e-01   3.3559562e+00
   1.8039745e+00   3.6888943e+00
   2.8676323e+00   1.2892062e+00
   3.3690777e+00   1.3952630e+00
   2.3208485e+00   6.4215244e-01
   3.6756549e+00   2.9855777e+00
   3.6952260e+00   2.9546030e+00
   2.5886054e+00   2.5972120e+00
   3.6687451e+00   1.6916256e+00
   3.6072862e+00   2.6334849e+00
   1.5775835e+00   2.2139610e+00
   3.9866258e+00   2.7057631e+00
   3.5939804e+00   3.5236406e+00
   1.6461184e+00   1.5247710e+00
   3.1967173e+00   2.3629161e+00
   1.5147970e+00   4.0587150e-01
   8.7981767e-01   1.1172024e+00
   3.0360892e+00   3.2066772e+00
   2.6374258e+00   1.3763453e+00
   2.5196435e+00   5.1157838e-01
   1.1900793e+00   2.8859330e+00
   1.3446830e+00   2.6618324e+00
   3.2553259e+00   2.6965241e+00
   2.4716963e+00   3.5656313e+00
   1.4164853e+00   9.0706092e-01
   1.3956133e+00   2.7666732e+00
   1.1332601e+00   1.7178425e+00
   2.1701345e+00   2.8649426e+00
   2.3906355e+00   1.4254406e+00
   5.5491464e-01   2.7036391e+00
   9.0644138e-01   1.6302804e+00
   2.1889195e+00   3.6776107e+00
   2.3036953e+00   1.7384582e+00
   2.1871329e+00   2.8086809e+00
   7.5109145e-01   3.0848560e+00
   8.7627328e-01   1.0377572e+00
   1.8138417e+00   2.8097729e+00
   2.8665173e+00   3.2267027e+00
   3.1888553e+00   2.9869855e+00
   2.6545445e+00   9.4822653e-01
   2.4526791e+00   6.8189954e-01
   3.9065140e+00   3.3249181e+00
   2.2596615e+00   3.9263552e+00
   1.3669721e+00   3.0812309e+00
   1.0259722e+00   3.6660411e+00
   1.0968800e+00   2.5515055e+00
   1.9193546e+00   1.9990451e+00
   2.3977140e+00   4.6987999e-01
   3.6876589e+00   2.5187709e+00
   1.4695604e+00   3.1912686e+00
   1.3397854e+00   3.3267937e+00
   2.5899257e+00   1.1254048e+00
   1.1156458e+00   3.0117428e+00
   9.3646454e-01   2.8069686e+00
   3.6074500e-01   3.8967631e+00
   2.2104347e+00   1.8229213e+00
