   1.3369672e+00
   5.1394468e-01
  -1.0745880e+00
   9.8653679e-01
  -1.5402694e+00
  -1.5122252e+00
   1.5569134e+00
   6.4231928e-01
  -3.7831572e-01
   1.7287198e-02
   7.7174854e-01
  -1.5249583e+00
   6.9938208e-01
   6.2044701e-01
  -1.5484616e-01
   1.9513303e-01
  -5.1756096e-01
  -1.0400933e+00
  -2.1654409e-01
   9.5707423e-01
  -1.0302587e+00
  -5.3882574e-01
  -6.7381792e-01
  -1.0559214e+00
   5.0077414e-02
   1.2035512e+00
   8.1094975e-01
   7.3267470e-01
  -4.4414779e-01
  -7.0177623e-01
   6.8407931e-01
   1.1198875e+00
   8.6808444e-01
  -1.4783355e+00
  -6.0383797e-02
  -1.0019809e+00
  -9.4706315e-01
   9.3936687e-01
  -6.6600250e-01
  -1.3539093e+00
   1.2627893e-01
  -4.7658253e-01
  -4.5931136e-01
   7.9267799e-01
   1.2407424e+00
   6.8926465e-01
  -2.1619912e-01
   3.7229855e-01
  -1.0389508e+00
   3.2681277e-01
   6.3220067e-01
   3.9266694e-01
  -4.0830037e-01
  -4.5076393e-01
  -1.0705995e+00
   9.5156695e-01
  -2.6946795e-02
  -5.0086161e-01
   1.0409107e+00
  -9.9908820e-01
   1.2294141e+00
   6.6798108e-01
   1.2310909e+00
  -5.0311103e-01
  -3.1631428e-01
   1.3095258e+00
  -1.3649437e-01
   1.7166899e-01
   7.5602143e-01
   1.5606769e+00
   1.6732605e-01
   5.0541481e-01
   2.3725280e-01
   1.0102571e+00
   1.1970418e+00
  -9.1000440e-01
  -1.1901251e+00
  -9.7911609e-01
   9.5572953e-01
  -9.6637613e-01
   1.5677644e+00
   7.7402371e-01
  -9.4162282e-01
   1.3016456e+00
   1.4606091e+00
   1.5458948e+00
   2.8124454e-01
   2.3849931e-01
  -1.0246437e+00
   5.3242256e-02
   1.7651294e-01
  -1.2401997e+00
  -2.1905839e-02
   8.9953460e-02
  -1.1325450e+00
   3.3763576e-01
  -1.3726163e+00
  -5.2053849e-01
   8.8567623e-02
  -6.7750143e-01
