   7.5144123e-01   2.0438088e-01
   2.7037276e-01  -2.7613455e-01
  -8.0543730e-01  -7.3015873e-01
   8.1687891e-01   8.2762701e-01
  -9.2996796e-01   2.8111767e-01
  -9.2050061e-01   3.1754828e-01
   9.7713578e-01   3.5066066e-01
   3.7236320e-01   4.8911543e-01
  -2.4662161e-01   6.8435515e-01
   8.6485056e-03   3.3314335e-02
   5.2699136e-01  -6.9626260e-01
  -9.0225041e-01  -2.3867145e-01
   4.5185531e-01   6.4203880e-01
   4.0265612e-01  -6.5727124e-01
  -8.2218348e-02  -3.4004944e-01
   1.6458962e-01   9.3294397e-01
  -3.2182040e-01   6.1258519e-01
  -6.5874917e-01  -5.5562414e-01
  -2.0161319e-01   9.9954625e-01
   8.3955439e-01  -8.7252261e-01
  -5.4790913e-01  -1.4903376e-01
  -2.7798661e-01  -1.9132370e-01
  -3.5087597e-01  -1.9941423e-01
  -8.3283577e-01  -7.7615471e-01
   2.5331067e-02  -1.5137845e-01
   6.6572965e-01   2.2709177e-01
   8.0922700e-01   9.7612257e-01
   4.4719182e-01  -5.6019844e-01
  -2.3400835e-01  -2.9183784e-01
  -4.0396589e-01  -4.6751624e-01
   3.8342327e-01  -4.1700393e-01
   7.6091385e-01  -6.2322092e-01
   8.4909662e-01  -9.5428075e-01
  -8.3749445e-01  -1.0119164e-01
  -3.4653971e-02  -5.1271961e-01
  -7.4346989e-01   7.3745309e-01
  -4.9417768e-01   5.7221535e-02
   7.6792307e-01   8.2827034e-01
  -6.0744617e-01   9.4786035e-01
  -7.5729269e-01   1.7085192e-01
   8.7389987e-02  -7.6204923e-01
  -3.7075850e-01   8.5306518e-01
  -2.3591817e-01   1.8712154e-01
   5.8307853e-01   7.6723061e-01
   6.7835896e-01  -1.5104814e-01
   3.6047277e-01   2.1451477e-01
  -1.6615599e-01  -8.5847284e-01
   2.8577962e-01   8.4954486e-01
  -5.7183710e-01   2.8415883e-01
   2.3454161e-01  -7.9100066e-01
   3.5038229e-01   4.0045015e-01
   2.0204697e-01  -2.0839134e-01
  -3.0738099e-01  -8.3019050e-01
  -2.7119726e-01  -5.7104226e-01
  -6.5703785e-01  -5.0240220e-01
   5.9072314e-01  -5.4669373e-01
  -1.4666175e-02   4.0600878e-01
  -2.9075429e-01   5.0830517e-01
   5.5012240e-01   9.4573268e-02
  -5.2639039e-01   1.0696684e-01
   6.8966690e-01   2.6114558e-01
   6.3305394e-01   9.7091390e-01
   6.9245673e-01   2.6855641e-01
  -2.5962630e-01   2.0091123e-01
  -2.3354094e-01   8.1837391e-01
   7.2266950e-01   1.4167327e-01
  -7.2181614e-02  -3.2916016e-01
   1.4109644e-01   9.1427832e-01
   3.9061362e-01  -1.2015376e-01
   9.2183455e-01   2.0308519e-01
   9.2625959e-02   4.4052472e-01
   2.7315315e-01   3.5755668e-01
   1.4178498e-01  -5.7448198e-01
   8.5422429e-01  -8.3675325e-01
   7.2753114e-01  -4.5104118e-01
  -6.6032150e-01   7.3503677e-01
  -6.4260194e-01   1.1871413e-01
  -5.1299126e-01  -7.0744458e-02
   5.0355871e-01  -1.3939820e-01
  -6.0173125e-01   5.4797184e-01
   9.6588102e-01   3.0784084e-01
   4.1927740e-01   3.1545854e-01
  -6.4912771e-01  -6.7795819e-01
   7.1659478e-01  -1.3524635e-01
   8.1882297e-01   1.0172169e-02
   9.2332616e-01  -2.4933544e-01
   1.4119941e-01  -3.9255544e-02
   1.2575846e-01  -3.1515719e-01
  -6.4667759e-01   5.5429288e-01
   2.7358121e-02  -2.3211228e-01
   9.6943832e-02   4.2311285e-01
  -6.6944511e-01  -3.8133185e-02
  -1.2213923e-02   4.5836044e-01
   7.0234535e-02   8.7511848e-01
  -6.0238568e-01   3.4508805e-02
   2.4633782e-01   8.0613750e-01
  -9.4736921e-01  -5.6361472e-01
  -3.6241808e-01   7.4643868e-01
   6.5999069e-02  -8.3461414e-01
  -3.4645253e-01  -6.9193167e-02
