  -1.2671994e+00
   2.4921651e-01
  -1.3434290e+00
   2.4703761e-01
   8.9863261e-01
  -5.5851881e-01
  -1.7076397e-01
   2.7337432e-01
  -1.3795869e+00
  -1.4844241e-02
   4.5773676e-01
  -1.0148066e+00
   8.2062884e-01
   1.5909365e+00
   8.7105360e-01
   1.9635307e-02
  -8.4812748e-01
   8.3179259e-01
  -6.0717977e-01
   9.9419242e-01
   4.1169228e-01
   3.9561288e-01
  -9.8250380e-01
  -1.4613328e+00
  -9.3972739e-01
   7.2289667e-01
   1.1114352e+00
   4.6803797e-01
   8.1542810e-01
  -1.0095644e+00
   1.9541928e-01
   1.1631344e+00
  -3.2856988e-01
   1.6219815e+00
  -1.3410108e+00
  -6.9622203e-01
   3.9752035e-02
  -8.4370561e-01
   5.2514089e-01
   2.2518595e-01
   7.0381484e-02
   8.8135420e-01
   8.2041823e-01
   1.0101958e+00
  -7.0350784e-01
  -1.9051330e-01
   6.7180276e-01
  -1.4023276e+00
  -1.3942893e+00
  -8.8508083e-01
   8.9752896e-02
   9.2102159e-01
   6.7345939e-01
  -5.5494722e-01
  -8.0944481e-01
   1.1400132e+00
   1.4167935e+00
   5.2139733e-01
  -7.4209784e-01
  -1.3247777e+00
   1.0309253e+00
   2.7645831e-01
   1.4692046e+00
  -1.1146988e+00
   3.3638789e-01
  -8.1802571e-01
   9.7667858e-01
  -6.8549029e-01
  -2.2545660e-01
  -3.2661488e-01
   1.1831932e+00
   6.7183209e-01
  -8.0453335e-01
  -5.9924247e-01
  -1.3339960e+00
   5.4419826e-01
   1.9780658e-01
  -1.2147028e+00
  -1.2251217e+00
  -9.3863421e-02
   1.0110035e+00
   1.9153995e-01
  -1.5600939e+00
  -1.3882360e+00
   7.0493949e-01
  -1.9348267e-01
  -4.6362165e-01
   1.0176523e+00
  -3.5084678e-01
   1.0402365e-01
   5.6407141e-01
   1.3493260e+00
  -3.7352563e-01
   3.9916060e-01
   1.5606201e+00
  -8.1403478e-01
   2.0447210e-01
  -2.8612459e-01
  -7.4202777e-01
  -6.6858849e-01
