  -8.1697367e-01   5.1753253e-01
   2.2925392e-01   9.9043196e-01
  -9.7804182e-01  -6.2685711e-01
   1.4652077e-01   5.6229054e-01
   5.7945972e-01  -6.0840404e-01
  -5.2926645e-01   9.8471795e-01
  -1.0396057e-01   6.0452314e-01
   1.3871637e-01  -1.5154658e-01
  -8.7719712e-01   4.5772774e-01
  -7.4222287e-03  -3.2928350e-03
   2.8463047e-01   6.1798053e-01
  -5.5746854e-01  -2.8698213e-01
   6.7411289e-01  -8.5351313e-01
   9.4215046e-01   1.8198291e-01
   6.9274578e-01   8.2037566e-01
   1.1998912e-02  -6.1246813e-01
  -4.4224878e-01  -1.3526442e-01
   4.9323444e-01   4.9831946e-01
  -5.2613923e-01  -9.2163103e-01
   9.1469056e-01   8.9264998e-01
   2.4052007e-01   5.2734665e-01
   2.0052429e-01   1.1764110e-01
  -6.5479100e-01  -6.3231411e-01
  -8.1930652e-01  -4.1023700e-03
  -4.8947559e-01   3.5691200e-02
   7.1714106e-01   9.8848602e-01
   8.2213411e-01   7.0970337e-01
   3.9926753e-01   9.2480788e-01
   4.5036471e-01   3.5788202e-01
  -5.4022784e-01  -1.9299722e-01
   1.5210691e-01   8.6995817e-01
   6.2125621e-01  -4.1030909e-02
  -1.9231326e-01  -5.3641678e-01
   9.7687853e-01  -2.0741950e-01
  -8.2000237e-01   4.1015495e-01
  -3.5811793e-01   1.1711807e-01
   2.2817878e-02   5.1326140e-01
  -8.7878727e-01   9.9096212e-01
   4.5137585e-01   9.2486281e-01
   1.1311150e-01   7.0134211e-02
   5.8719805e-02   9.2774026e-01
   6.5996486e-01  -7.6874824e-01
   7.1751807e-01  -8.9710341e-01
   5.7805785e-01  -3.9130211e-01
  -3.6433389e-01   1.6038367e-01
  -9.5585092e-02   6.1928905e-02
   5.0445594e-01   8.0241619e-01
  -7.8027659e-01   8.1100850e-02
  -7.8051526e-01  -1.3603878e-01
  -4.6023267e-01   8.5333975e-02
   4.9274691e-02   4.2482961e-01
   9.4530215e-01  -9.6665057e-01
   4.2081737e-01   6.0184176e-01
  -3.7628011e-01  -7.1498135e-01
  -4.1708574e-01  -4.3051054e-02
   7.0071467e-01  -4.8632929e-01
   8.2329485e-01  -2.6181662e-01
   2.7855229e-01   3.2352983e-01
  -4.8925940e-01  -6.6078237e-01
  -8.2266832e-01  -4.4243196e-01
   6.7651118e-01  -6.0355641e-01
   1.6943724e-01  -6.0985693e-01
   8.9621747e-01  -3.4632070e-01
  -8.7794214e-01   7.6067572e-01
   1.6928261e-01  -5.7796270e-02
  -4.2978383e-01  -1.9206126e-01
   6.5546435e-01  -6.4153705e-01
  -6.1802712e-01   9.3784999e-01
  -1.1494008e-01  -1.8508852e-01
  -2.1317699e-01   6.8897479e-01
   6.5314796e-01   2.3065019e-01
   3.5374219e-01  -2.4677784e-01
  -5.8479393e-01   7.5436350e-01
  -3.6379055e-01   5.6970485e-01
  -7.3237803e-01  -7.0091433e-02
   3.4292578e-01   6.2795385e-01
   1.4198215e-01   7.9688827e-01
  -6.6046587e-01  -1.4152291e-01
  -7.0468845e-01  -3.3134116e-01
  -4.7840563e-02   1.9329421e-01
   8.1620483e-01   8.0398162e-01
   1.0435005e-01   4.0413290e-01
  -9.3412021e-01  -2.4508980e-01
  -8.9227415e-01   4.6991185e-01
   6.1012646e-01   9.0820557e-01
  -9.7250291e-02   8.5626226e-02
  -2.3470754e-01   8.0211665e-02
   5.7928741e-01  -3.7778072e-01
  -2.7142626e-01  -8.5753086e-01
   6.4699870e-02  -6.3603907e-01
   4.2331341e-01  -8.1402215e-01
   7.4295304e-01  -7.3021504e-02
  -3.4262078e-01  -9.8133498e-01
   3.0023605e-01   8.3005182e-01
   9.4967230e-01   2.8548348e-01
  -8.4806528e-01  -9.9716188e-01
   1.7403833e-01  -9.3922946e-01
  -1.7222700e-01  -5.8305955e-01
  -3.8172715e-01  -9.0067710e-02
  -4.7233192e-01  -7.4546793e-01
