  -9.3242242e-01  -7.0558990e-01
   7.1890084e-01  -3.9027588e-01
   5.7113683e-02   5.5974357e-01
   9.5091723e-01  -2.5543159e-02
   7.5444302e-01   9.8348335e-02
  -6.7732984e-01   7.5643320e-01
  -2.9324946e-01   9.7658185e-01
  -8.8398637e-01  -9.6169542e-01
  -1.1176793e-01  -2.9735245e-01
  -1.1781282e-01   6.9293638e-02
  -3.4659893e-01   4.9563553e-01
   8.2879663e-01   9.4002635e-01
  -1.0887366e-02   3.9028618e-01
   4.2047481e-01  -4.5346305e-01
   3.2928271e-01   9.0227591e-01
   6.6356283e-01   8.1534143e-01
  -4.8392931e-01  -8.5150977e-02
   5.3848288e-01   4.6634207e-01
  -1.7886538e-01   1.1648014e-01
  -8.8868651e-01   9.8778876e-01
   7.4129816e-01  -2.2139933e-01
   9.4460063e-01   7.6336635e-01
  -7.6604761e-01   7.8653913e-01
   1.6626018e-02  -2.2800033e-01
   5.1113225e-01   4.5510154e-01
  -7.8002669e-01   8.2529936e-01
  -9.3227293e-01   8.0825415e-01
  -1.1780465e-01  -8.3709531e-01
  -7.4043287e-01  -9.3331688e-01
   9.4320490e-01   1.4481889e-01
   8.8030652e-01  -9.8141957e-01
   8.6623929e-01  -6.0334322e-01
   9.6751654e-01  -9.5863972e-01
   3.8607161e-01   5.8454252e-01
   4.0495097e-01  -6.1834117e-01
  -2.5737563e-01   9.0416527e-01
  -8.7178812e-01   5.4045256e-01
  -1.1309649e-01   6.3314707e-01
   8.5974705e-02  -1.4789979e-01
   8.0324148e-02  -3.9956368e-01
   5.7256807e-01   3.6058095e-01
   2.0281880e-01   7.1703134e-01
   8.9402711e-01   7.4358588e-01
   2.6243691e-01   7.9412497e-01
   7.5767497e-01   6.8717352e-01
  -7.5462740e-01  -2.9697550e-02
   6.2709645e-01  -2.2918980e-02
   9.5520871e-01  -8.6933209e-01
  -5.3751364e-01  -8.6037926e-02
   8.2547259e-01   1.9111061e-01
   3.5273552e-01  -7.7983307e-01
   4.5013197e-01  -3.1243148e-01
   3.7157915e-01  -4.7186971e-01
   5.9343782e-01   1.6036068e-01
   5.9253967e-02  -1.2921783e-01
   5.0927823e-01  -1.6979963e-01
   7.1083826e-03  -8.9157399e-01
   8.1408068e-01  -4.8060876e-01
  -7.5277953e-01  -5.1164392e-01
   7.0445044e-01   4.1819017e-01
  -6.4990853e-01   3.1770146e-01
   5.2833196e-01  -7.6163732e-01
  -8.1335268e-02  -7.4156173e-01
   2.1212736e-01  -8.4406276e-01
  -2.7192094e-01   4.7048018e-01
  -1.9610986e-01   1.1229999e-01
   4.6014930e-01   6.6874238e-01
   9.1025661e-01  -7.8775107e-01
   7.5759761e-01  -4.8687702e-01
   2.1946359e-01  -8.9175195e-01
   9.3553152e-01   3.1310780e-01
   2.6827630e-01  -4.4512684e-01
   5.5452904e-01   4.1826060e-01
   7.9700768e-01  -7.3940896e-01
  -5.4686882e-01   4.7994548e-02
  -7.9746673e-01  -9.0821977e-01
   6.5651826e-01  -7.9738862e-01
  -1.5106003e-01  -6.2129820e-02
   4.5419231e-01   4.2129272e-01
   8.7349615e-01   2.0269282e-01
  -4.0693515e-01  -5.9016605e-01
  -3.7559968e-01   2.3757305e-01
   9.9392685e-02   3.9830023e-01
   1.0516326e-01  -3.7034266e-01
   2.8080092e-01   6.0957729e-01
   1.9329825e-01  -6.4395514e-01
  -6.7765072e-01  -5.1738856e-01
  -1.6418311e-01   1.8945994e-01
  -2.6188919e-01   7.3646583e-01
  -8.3947074e-01   6.3733675e-01
  -5.2738425e-01   1.8016826e-01
   9.8867957e-01  -9.9542432e-01
   8.1860772e-01   8.8906409e-01
   5.8157375e-01   5.8495380e-01
  -7.2970749e-01  -2.0134314e-01
   1.0067838e-01   7.4689900e-01
  -8.9232330e-01   3.4879265e-01
   3.5310699e-01  -5.1526879e-01
   6.4456118e-01  -6.6311055e-01
   8.2280420e-01   7.2224960e-01
