  -1.2226342e+00
   1.2180742e+00
   9.6742660e-02
   1.6273664e+00
   1.3631467e+00
  -9.1160473e-01
  -3.2367016e-01
  -8.8482544e-01
  -2.1328141e-01
  -2.3451679e-01
  -5.9764720e-01
   8.6945621e-01
  -2.0136878e-02
   7.3387998e-01
   4.0085901e-01
   8.4458438e-01
  -9.2715034e-01
   9.1614636e-01
  -3.5341520e-01
  -8.5470274e-01
   1.3175280e+00
   1.1708506e+00
  -9.7934412e-01
   3.2389992e-02
   8.7875223e-01
  -9.5414671e-01
  -1.1093314e+00
  -1.5740473e-01
  -8.0301476e-01
   1.6019419e+00
   8.5703675e-01
   1.2547605e+00
   9.4639803e-01
   6.2806223e-01
   6.4205198e-01
  -3.1478979e-01
  -1.3127626e+00
  -1.8196138e-01
   1.6986275e-01
   1.4783507e-01
   1.0139015e+00
   3.0366144e-01
   1.1476430e+00
   3.6368044e-01
   1.0625221e+00
  -1.3694304e+00
   1.1732840e+00
   1.0537503e+00
  -1.0202159e+00
   1.4429786e+00
   4.9127430e-01
   8.2804300e-01
   6.4681816e-01
   1.1040790e+00
   1.1745117e-01
   9.6107121e-01
   8.9307282e-03
   1.2894497e+00
  -1.1922393e+00
   1.1836144e+00
  -1.1496625e+00
   7.2963196e-01
  -1.1982341e-01
   2.7977911e-01
  -4.7880204e-01
  -3.8725569e-01
   6.9685508e-01
   1.1141189e+00
   1.2146537e+00
   2.7346051e-01
   1.5315607e+00
   4.7848068e-01
   9.6230658e-01
   1.0569760e+00
  -1.0388329e+00
  -8.8038935e-01
   8.5277129e-01
  -3.0039164e-01
   8.0074797e-01
   1.5017706e+00
  -6.5769389e-01
  -7.1305388e-01
   1.8292324e-01
   1.9570589e-01
   4.5442456e-01
   3.0725012e-01
  -1.0898071e+00
  -3.2104356e-01
  -3.8361914e-01
  -1.1963466e+00
  -9.9025700e-01
   9.0905269e-01
   9.2024908e-01
   9.1601022e-01
  -1.3063690e+00
   1.4750593e-01
  -1.4633069e+00
   6.0182857e-01
   9.4703368e-01
   1.1000539e+00
