  -2.9539086e-02   1.5145390e-01
   6.7645215e-01   6.8468940e-01
  -7.1788606e-01  -5.4805276e-04
   4.6443397e-01  -1.2195022e-01
   3.8213383e-01  -7.0188583e-01
  -9.3101476e-01  -9.4344110e-01
  -2.2285473e-02   5.1333958e-01
   9.4278082e-01   5.9221247e-01
  -7.7509724e-01  -4.1288881e-01
   4.8642755e-01  -7.6958651e-01
   2.7708274e-01  -2.4981674e-01
   1.8836583e-01   6.5778749e-01
  -2.7549745e-03   6.8355316e-01
   1.3570532e-01   3.3047690e-01
  -1.4699150e-01   9.2027995e-01
  -8.4752112e-01   8.8623578e-01
  -4.1882669e-01  -7.7460102e-01
   1.2267009e-01   2.9657490e-01
   2.6666694e-01  -3.8391897e-02
   8.6155172e-01  -8.6695862e-01
   9.5553832e-01   7.9554245e-01
  -8.1280691e-01  -5.5397421e-03
   3.2346989e-01   5.4260686e-01
   2.0554580e-01  -8.7927554e-01
  -5.2364274e-02  -4.7508507e-01
  -2.8748732e-01   3.0213874e-01
  -4.8843117e-02  -7.3279218e-01
   3.4204404e-01   2.7709147e-01
   9.1929039e-01  -2.3011381e-01
  -8.2183147e-01   5.3139625e-01
   5.9548492e-01   3.0583136e-01
   1.8155149e-01  -2.3702187e-01
   8.2439351e-01  -3.9996283e-01
  -7.9774136e-01  -3.1972089e-01
  -4.1341071e-01   8.3785307e-01
  -8.9682359e-01  -8.7466373e-02
   8.2563612e-03  -1.1500609e-01
   5.3675150e-01  -9.1628361e-02
  -4.3402925e-01   8.9056402e-01
  -5.4927951e-01  -5.6176209e-01
  -3.3742071e-01   7.6480559e-01
  -9.3497297e-02  -9.6024915e-01
   4.7476928e-01  -3.1647023e-01
   1.9771309e-02   5.3205489e-01
  -2.3497162e-01  -3.1439260e-01
   8.1096643e-01   2.3761281e-01
   9.3051550e-01  -9.3957676e-02
   2.5653471e-01  -9.7967479e-01
  -7.3593766e-01   1.9816233e-01
   2.3660356e-01   2.0313670e-01
  -2.3395979e-01   2.9883490e-01
   9.8238750e-01  -3.1455873e-01
  -4.2634543e-01  -1.3401489e-02
   4.1238286e-01   4.0354789e-01
   7.0411795e-02   7.7560520e-01
  -6.1357792e-01  -8.8988431e-01
   3.7887020e-01  -8.0327610e-01
  -8.9908999e-01   2.9956557e-01
  -6.3113177e-01   5.2814178e-01
  -9.0868335e-01   9.7591788e-01
   7.7008300e-01  -7.4935042e-01
   6.7958877e-01  -2.7104565e-01
  -7.6368951e-01   3.5246018e-01
  -1.7917029e-01  -2.4848366e-01
  -7.5954282e-01   7.2691698e-01
   1.4418504e-01  -4.1604650e-01
   8.9878027e-01  -7.3305002e-01
  -4.8722968e-01   3.4530103e-01
   9.7973087e-01  -5.9483004e-01
  -3.0038392e-01   7.3703040e-01
  -5.8295525e-01   5.0231464e-01
   3.3165432e-01  -1.6124070e-01
   9.4668941e-01  -9.9953787e-01
   2.4539964e-01  -7.0107254e-01
  -8.7292421e-01  -4.5233140e-01
  -2.5298093e-01   7.4485004e-01
  -6.6749693e-01   2.0250229e-01
  -5.3744384e-01  -3.5762309e-01
  -8.9558273e-01  -4.3141385e-01
   8.0351263e-01  -1.2936839e-01
   5.8658340e-01   8.0751810e-01
  -2.5397135e-01   8.5021129e-01
   6.6410941e-01   1.0584904e-02
   5.0766911e-01   2.5516362e-01
   2.4372619e-01   4.3852785e-01
  -2.1181364e-01  -9.5217424e-01
  -2.8144408e-01   1.4986500e-01
  -8.2229508e-01  -9.0693107e-01
  -3.1664599e-01  -1.5493722e-01
   9.7341188e-02  -6.4531477e-02
  -7.8905078e-02  -9.5474403e-01
   2.9090475e-01  -8.6985192e-01
   2.7041683e-02   8.4791267e-01
   6.2885294e-01   6.8285728e-02
  -8.0563359e-01  -2.6640706e-01
  -7.2572879e-02  -2.7210764e-01
   1.7963498e-01  -6.9725267e-01
  -6.2565586e-01  -7.0078280e-01
   2.2266029e-01  -2.9839582e-01
  -8.9611604e-01  -3.2806781e-01
