  -5.8393398e-02
   9.6986567e-01
  -1.3155877e+00
   8.8918050e-01
   5.6951412e-01
  -9.4182261e-01
  -3.8822953e-02
   1.3427908e+00
  -1.2819588e+00
   6.7147361e-01
   5.3011839e-01
   2.9636552e-01
  -4.2720433e-03
   2.5593674e-01
  -1.7739491e-01
  -9.4804629e-01
  -5.8132115e-01
   2.3404138e-01
   5.2664694e-01
   9.8218203e-01
   1.1431069e+00
  -1.4524171e+00
   5.4440593e-01
   2.6031487e-01
  -9.3087705e-02
  -5.4139936e-01
  -7.2582236e-02
   6.4523826e-01
   1.5484223e+00
  -1.2627944e+00
   1.0697647e+00
   3.5101546e-01
   1.3523895e+00
  -1.3590143e+00
  -5.3756968e-01
  -1.5567232e+00
   1.6403454e-02
   1.0184039e+00
  -5.2900439e-01
  -8.8367910e-01
  -4.7772267e-01
  -1.0705084e-01
   8.6886390e-01
   3.4074282e-02
  -4.4280759e-01
   1.4091679e+00
   1.5967818e+00
   2.8280391e-01
  -1.3162909e+00
   4.5916506e-01
  -4.4311303e-01
   1.5820195e+00
  -8.2701802e-01
   7.3719851e-01
   1.0046462e-01
  -7.2492991e-01
   5.1364200e-01
  -1.4958010e+00
  -1.0193208e+00
  -8.8398207e-01
   1.0194123e+00
   1.2110571e+00
  -1.2981527e+00
  -3.4547930e-01
  -1.0290658e+00
   2.6285737e-01
   1.1631106e+00
  -8.8108956e-01
   1.3754601e+00
  -4.3818945e-01
  -9.6498264e-01
   6.4276828e-01
   8.7752583e-01
   3.7129173e-01
  -1.3783077e+00
  -3.6802284e-01
  -1.2127464e+00
  -9.5910417e-01
  -1.4181075e+00
   1.4275680e+00
   7.6528834e-01
  -3.3156161e-01
   1.2326471e+00
   9.4080273e-01
   4.3697216e-01
  -2.4383417e-01
  -5.4926008e-01
  -9.0294124e-01
  -6.1530218e-01
   1.9397050e-01
  -9.1090909e-02
   3.6996203e-01
   3.5774483e-02
   1.1736933e+00
  -1.3916509e+00
  -1.3968266e-01
   2.7394080e-01
  -8.9523663e-01
   4.2213323e-01
  -1.4785167e+00
