   1.5266553e-02
   7.0837938e-01
   1.6423749e-01
   7.5948897e-02
   1.2134564e-03
   3.4851431e-02
   3.8684654e-01
   3.1948560e-01
   3.7902968e-02
   8.0790927e-01
   1.0671754e-01
   5.8729482e-03
   1.3376571e-02
   3.0717703e-01
   7.6442167e-03
   2.3190524e-01
   2.7780254e-01
   1.5401759e-02
   1.3048373e-02
   4.9626932e-01
   8.2656337e-03
   2.2904596e-01
   3.5307704e-04
   6.0537807e-04
   4.8799598e-02
   1.3050110e-03
   2.8710071e-01
   8.2250276e-01
   6.3788092e-01
   2.5937273e-02
   5.0643320e-01
   1.1308793e-02
   1.1765129e-01
   5.4449576e-01
   1.3895724e-04
   1.3390286e-03
   4.0613813e-02
   7.5901966e-01
   6.0143193e-01
   8.7480064e-03
   1.4269625e-02
   6.9728123e-05
   2.3025432e-04
   3.6589011e-01
   5.7407274e-01
   2.2906009e-01
   3.9240770e-04
   3.1746289e-02
   5.7329380e-02
   1.1905031e-04
   3.2568468e-01
   5.7546463e-01
   3.4597403e-01
   5.4904695e-04
   3.3903676e-03
   9.5286887e-05
   5.7276516e-01
   3.9128542e-03
   4.4197269e-01
   6.7807303e-02
   3.8934768e-01
   9.1984185e-03
   3.7097579e-01
   1.2968087e-02
   1.4712171e-03
   2.7045968e-01
   7.1390997e-05
   3.2336887e-01
   4.1813438e-01
   4.0612217e-02
   1.3256592e-01
   1.2121703e-04
   2.3537615e-02
   3.4973463e-04
   6.2460393e-01
   7.5352216e-01
   2.4285944e-04
   1.2009287e-02
   3.0336181e-01
   3.1265330e-01
   4.3628365e-01
   5.3938029e-01
   8.3873056e-04
   4.0607395e-01
   7.0754524e-02
   3.6303197e-04
   1.0565596e-04
   2.6440650e-04
   1.4417443e-01
   1.7117255e-01
   5.1978564e-01
   2.2780865e-01
   4.1305816e-04
   2.0783157e-01
   5.0001299e-02
   1.5368504e-03
   1.7955254e-02
   5.2405495e-04
   2.8752265e-01
   6.3963914e-04
