   2.5507008e+00   3.2869521e-01
   9.4973938e-01   2.9561922e+00
   2.2168018e+00   2.9303337e+00
   2.1382555e+00   9.4948750e-01
   3.4309875e+00   3.5177244e+00
   2.4193835e+00   8.7928009e-01
   9.5137108e-01   3.6742652e+00
   7.7987547e-01   1.1650909e+00
   2.7318338e+00   2.8384194e+00
   1.0885376e+00   2.6676245e+00
   1.9480478e+00   8.8309902e-01
   3.0571990e+00   1.3718379e+00
   2.7623868e+00   1.0345314e+00
   1.4077638e+00   3.7477059e+00
   3.1584545e+00   2.3007176e+00
   1.6149618e+00   3.8244851e+00
   6.3344380e-01   1.1046149e+00
   2.9905633e+00   2.6866217e+00
   2.9511182e+00   3.2090304e+00
   5.9994631e-01   1.7809550e+00
   3.0250844e+00   3.3961429e+00
   6.0985926e-01   9.0328426e-01
   3.5992553e+00   1.0522584e+00
   3.5859291e+00   1.5727245e+00
   2.4065558e+00   1.2217811e+00
   3.4340600e+00   1.5790952e+00
   7.6851025e-01   3.9496071e+00
   1.0574315e+00   2.6086178e+00
   4.8303745e-01   2.5061785e+00
   2.8618118e+00   2.4359803e+00
   1.3851582e+00   1.7912259e+00
   3.0670434e+00   2.3181510e+00
   2.2785341e+00   3.1764736e+00
   1.5133152e+00   2.0404929e+00
   3.7077815e+00   6.2703356e-01
   3.3653219e+00   3.7554460e+00
   2.2350648e+00   4.6131437e-01
   7.5391207e-01   2.7001765e+00
   6.4165818e-01   3.0121845e+00
   2.7899544e+00   6.4492810e-01
   2.9285949e+00   3.2065245e+00
   3.9292119e+00   3.7218493e+00
   3.8606913e+00   2.3877263e+00
   1.7876504e+00   1.9807148e+00
   9.9158554e-01   3.2360817e+00
   1.7406103e+00   1.3499816e+00
   3.5749410e+00   3.9707768e+00
   2.5023142e+00   3.9481233e+00
   2.6243246e+00   2.2838644e+00
   3.8544477e+00   3.6092743e+00
   1.1871197e+00   1.1715397e+00
   1.4767005e+00   2.0704733e+00
   1.3589556e+00   3.6579988e+00
   3.6966441e+00   2.7558547e+00
   3.2916223e+00   1.9122909e+00
   3.9166191e+00   3.4597577e+00
   9.4046603e-01   1.7653306e+00
   3.2791951e+00   2.0338388e+00
   1.6482789e+00   1.9649969e+00
   2.3789430e+00   1.4987415e+00
   1.3671211e+00   3.5220318e+00
   2.9591148e+00   3.5681923e+00
   1.5155200e+00   1.5691388e+00
   2.8048584e+00   3.8295071e+00
   3.3841175e+00   1.4459946e+00
   4.5725463e-01   3.7466012e+00
   3.8674183e+00   8.9902211e-01
   7.8912963e-01   3.8258757e+00
   8.0639538e-01   3.5505199e+00
   2.7139910e+00   2.1765310e+00
   1.5214439e+00   3.6750440e-01
   3.9172491e+00   3.1791727e+00
   2.7543622e+00   1.6299918e+00
   3.6878562e+00   3.4396320e+00
   8.3344125e-01   1.9023296e+00
   6.8496271e-01   2.5413930e+00
   3.7768133e+00   1.6970460e+00
   3.0177468e+00   2.9692170e+00
   3.8606104e-01   1.4698408e+00
   6.9987126e-01   3.8126005e+00
   6.9717771e-01   3.4440597e+00
   1.3427241e+00   3.1697123e+00
   3.4922861e+00   1.4082113e+00
   7.0609439e-01   3.5289864e+00
   2.4241299e+00   1.6878063e+00
   3.7112265e+00   3.2541524e+00
   3.9199742e+00   3.3221135e+00
   3.6462852e+00   3.9963479e+00
   4.8748657e-01   4.6682847e-01
   1.8260884e+00   1.1761699e+00
   1.4530973e+00   1.8943517e+00
   1.8659404e+00   3.4347879e+00
   3.6847579e+00   1.7298104e+00
   1.3532343e+00   7.5438556e-01
   2.4273172e+00   3.6864689e+00
   3.2842126e+00   9.7461232e-01
   2.9589244e+00   2.4858744e+00
   3.6342342e+00   3.3056962e+00
   5.0494689e-01   1.2662962e+00
   3.4823639e+00   3.9474910e+00
