   4.8953948e-01   2.6233503e+00
   1.4665010e+00   2.4186055e+00
   1.4646068e+00   3.0312918e+00
   2.1231253e+00   2.1804197e+00
   5.0583333e-01   3.4998584e+00
   6.5143635e-01   8.1888197e-01
   1.1845896e+00   2.7314030e+00
   3.1950130e+00   2.4940769e+00
   3.5146725e+00   2.1994565e+00
   2.6087410e+00   1.2050937e+00
   1.5303365e+00   3.9019708e+00
   1.3036174e+00   3.6899929e+00
   4.1830369e-01   2.7124353e+00
   3.5165301e+00   7.0885682e-01
   1.2162930e+00   2.2041180e+00
   3.9460607e+00   2.0798946e+00
   7.7206962e-01   5.5223593e-01
   2.2719278e+00   1.7387196e+00
   1.7008081e+00   3.2792519e+00
   3.1999553e+00   3.2106259e+00
   3.6821342e+00   7.4391574e-01
   1.6361611e+00   1.8243127e+00
   3.6708631e+00   3.2528470e+00
   7.4075037e-01   1.2350642e+00
   4.2886245e-01   2.4736736e+00
   3.6466749e+00   4.3591368e-01
   3.7437413e+00   2.8220315e+00
   2.4829859e+00   3.3592337e+00
   5.0885786e-01   2.8896693e+00
   3.5639902e+00   1.6015564e+00
   3.4432077e+00   2.1098454e+00
   2.4043370e+00   1.3512700e+00
   2.0041664e+00   1.2840910e+00
   5.5013849e-01   3.1302279e+00
   1.7178886e+00   2.4622035e+00
   3.0394886e+00   2.2926589e+00
   2.2326118e+00   3.9654967e+00
   2.1380093e+00   3.1458845e+00
   3.3717355e+00   2.4685629e+00
   3.6207199e-01   3.2261571e+00
   1.2770167e+00   2.3310220e+00
   8.2503416e-01   5.8275374e-01
   4.2199104e-01   2.0549712e+00
   1.3704611e+00   3.4439917e+00
   3.6073048e+00   1.7913936e+00
   9.0348656e-01   1.1761510e+00
   3.9592211e+00   2.3035076e+00
   7.8581881e-01   1.6649567e+00
   2.0290084e+00   3.1065296e+00
   1.6695896e+00   3.1454367e+00
   2.7329780e+00   1.5813410e+00
   3.5321902e+00   3.8795758e+00
   1.3910396e+00   1.6164863e+00
   1.3094527e+00   1.0148194e+00
   5.9929672e-01   6.3690674e-01
   9.8947957e-01   1.4589688e+00
   3.1120346e+00   3.8458720e+00
   3.6655534e+00   2.6623178e+00
   2.6851047e+00   1.0701180e+00
   2.2145624e+00   1.5325520e+00
   2.8959017e+00   1.5691581e+00
   4.6677454e-01   3.6109189e+00
   3.5939301e+00   2.1653922e+00
   2.7886931e+00   2.3802267e+00
   9.1003012e-01   3.2205748e+00
   2.1594886e+00   1.5984348e+00
   2.2677320e+00   1.1146661e+00
   2.6088094e+00   3.3444791e+00
   3.8689034e+00   5.8135519e-01
   2.4059445e+00   6.0408701e-01
   2.4373862e+00   1.4459498e+00
   3.7687048e+00   3.4653337e+00
   5.2777279e-01   2.0549001e+00
   2.7382876e+00   1.4996774e+00
   6.6777298e-01   2.0021621e+00
   2.5520748e+00   2.7944461e+00
   3.2761034e+00   2.4240289e+00
   4.1956687e-01   3.4184534e+00
   2.2311519e+00   5.8053965e-01
   1.4012974e+00   1.2614446e+00
   2.7443982e+00   2.8439685e+00
   2.5115542e+00   1.9002473e+00
   5.2773084e-01   1.4977880e+00
   3.5973061e+00   4.7046657e-01
   3.8273363e+00   1.4483064e+00
   9.6924196e-01   1.8785041e+00
   5.7211742e-01   2.5776159e+00
   3.9557174e+00   1.1991542e+00
   1.8832521e+00   3.4254514e+00
   3.1082349e+00   3.5663503e+00
   3.7157144e+00   3.7345477e+00
   3.5268283e+00   2.3817449e+00
   3.8644491e+00   1.4210470e+00
   1.3980131e+00   3.1495432e+00
   2.9271432e+00   2.1767147e+00
   3.6340618e+00   2.5665651e+00
   3.5345425e+00   2.8403327e+00
   3.3658249e+00   6.1045014e-01
   4.3027486e-01   2.9421987e+00
   3.6527025e+00   1.4040022e+00
