   6.3413641e-01
   6.6667643e-01
   5.4365808e-01
   2.1753118e-01
   3.5610511e-01
   2.1996009e-01
   7.7101245e-01
   6.7350323e-03
   1.3899701e-03
   2.6128724e-02
   2.3845497e-01
   3.4858899e-01
   5.7257614e-01
   4.0307464e-04
   7.4117323e-01
   1.2355684e-04
   1.9011115e-01
   1.1145220e-01
   3.3860223e-01
   4.6385106e-03
   1.7535607e-04
   4.0274965e-01
   4.5162084e-04
   3.3392057e-01
   6.0103804e-01
   1.6618322e-04
   4.1247882e-04
   5.7208683e-02
   5.8118343e-01
   6.9556456e-04
   1.8903147e-03
   5.5229679e-02
   1.3620655e-01
   5.1139170e-01
   4.9714408e-01
   1.2562567e-02
   6.5376033e-02
   1.6935793e-01
   3.0026076e-03
   3.8538440e-01
   7.5383952e-01
   1.9890976e-01
   5.1213182e-01
   4.1688642e-01
   6.5562950e-04
   3.3554711e-01
   1.2704381e-04
   5.0343331e-01
   2.2122354e-01
   3.9507948e-01
   2.4280312e-02
   5.2904844e-04
   4.3330649e-01
   2.6680707e-01
   1.8232559e-01
   4.3782863e-01
   3.8369181e-03
   6.6934250e-04
   1.8014857e-02
   1.0709103e-01
   1.3296114e-02
   3.0915169e-01
   9.1188446e-04
   3.3586589e-02
   5.7696713e-01
   1.2951605e-01
   6.4267266e-02
   3.9280931e-02
   5.4571564e-05
   2.8893272e-02
   5.4816229e-02
   2.1981476e-04
   5.7228244e-01
   2.2139449e-02
   6.1850541e-01
   6.9877204e-02
   4.6645375e-03
   3.4938028e-01
   4.4969681e-02
   3.1135782e-01
   3.6178905e-02
   6.5265497e-02
   3.6294402e-01
   2.2101380e-04
   1.4637033e-04
   6.2981869e-01
   6.9044932e-01
   5.5546894e-05
   2.2288029e-01
   5.0238109e-03
   2.3004273e-04
   1.3895590e-03
   1.1558752e-04
   5.2623013e-01
   1.8691042e-02
   8.0530553e-04
   1.2329192e-03
   7.7739872e-04
   5.1795447e-01
   3.6602689e-04
