   8.3356846e-03
   3.4685057e-01
   2.2884371e-03
   2.1975682e-01
   3.1791934e-02
   2.6727735e-01
   7.2700985e-03
   2.6741408e-01
   7.6613067e-01
   2.5402840e-01
   2.5189033e-01
   1.9393997e-01
   2.4125532e-01
   1.8997055e-02
   5.3272983e-05
   3.1436392e-01
   2.4632300e-03
   3.4889789e-03
   4.7952496e-05
   2.2609698e-01
   3.6952475e-01
   8.8555874e-03
   7.2831123e-03
   1.4552225e-04
   3.9212422e-02
   1.5330795e-02
   1.3805146e-01
   3.3375117e-01
   4.1670631e-02
   1.6257445e-01
   1.6845006e-01
   1.8112397e-02
   1.9309960e-01
   5.9911202e-01
   1.5632269e-04
   6.6204496e-02
   5.4470345e-01
   6.0978186e-01
   3.8502117e-01
   3.5140772e-03
   1.3191455e-02
   6.9413263e-02
   3.6451997e-02
   7.8878706e-01
   3.8259545e-01
   6.9222657e-02
   6.9566847e-04
   2.0215820e-02
   1.6089158e-01
   1.6375115e-03
   6.1550096e-02
   4.3356641e-01
   7.0013732e-03
   9.3066818e-05
   1.2145975e-01
   8.0176311e-01
   7.9279570e-01
   5.2770954e-01
   8.5229758e-05
   1.0636324e-03
   5.8634452e-02
   2.1059841e-01
   2.9783266e-02
   6.5948075e-05
   1.5626826e-02
   7.4535464e-01
   6.9479894e-02
   1.9513783e-02
   1.3520187e-01
   3.8104811e-04
   2.0930939e-02
   3.9426705e-04
   2.7819475e-01
   7.0325127e-01
   4.8688175e-04
   4.4066378e-01
   7.3194780e-01
   1.9692247e-04
   1.4112653e-02
   2.1258614e-01
   3.0163862e-03
   1.5715754e-03
   5.4126471e-04
   4.2681407e-02
   5.2040428e-02
   6.3316643e-01
   5.4406916e-04
   3.1274533e-02
   6.9649563e-01
   1.6971789e-04
   2.4741311e-01
   1.6084108e-01
   2.6834638e-01
   5.9267231e-02
   8.1905348e-04
   1.0736079e-01
   1.1141425e-01
   8.4399665e-02
   4.3541067e-01
   4.3233064e-01
