   3.0251166e+00   1.6134450e+00
   1.0524596e+00   1.2057193e+00
   3.1421934e+00   6.9970475e-01
   1.1927365e+00   7.1547004e-01
   2.5708139e+00   1.2886568e+00
   1.5793557e+00   1.2856518e+00
   2.9737377e+00   3.7635007e+00
   7.3372553e-01   9.8885463e-01
   9.6891702e-01   2.1775099e+00
   1.0172985e+00   8.4609859e-01
   1.6340292e+00   3.7065901e+00
   1.7962568e+00   3.7390067e+00
   1.1353864e+00   8.0598023e-01
   2.7755112e+00   3.5248061e+00
   3.8416875e+00   3.4571389e-01
   1.8971610e+00   2.9715336e+00
   3.2741126e+00   3.5507656e+00
   3.2533000e+00   1.7335528e+00
   3.9823917e+00   1.2117926e+00
   1.0836763e+00   7.1337715e-01
   1.5173697e+00   3.4330902e+00
   3.1206648e+00   2.7407383e+00
   3.1000101e+00   3.1847502e+00
   3.8567234e+00   1.6266819e+00
   2.4086016e+00   9.8130102e-01
   2.5514726e+00   3.3766436e-01
   1.6508412e+00   6.1788471e-01
   1.5711260e+00   1.5190287e+00
   2.5199554e+00   1.4130716e+00
   2.2448274e+00   2.1743133e+00
   2.0943761e+00   1.7304396e+00
   2.7259061e+00   3.7679966e+00
   4.4153236e-01   8.9030254e-01
   1.0027142e+00   3.1849267e+00
   3.7363575e+00   9.5661042e-01
   2.4570249e+00   3.2795859e+00
   3.5701853e-01   2.3808201e+00
   1.3865986e+00   2.0392766e+00
   4.6746267e-01   1.6305631e+00
   3.2405067e+00   1.6755653e+00
   2.9320541e+00   1.7166284e+00
   2.2845367e+00   1.2483349e+00
   2.4711402e+00   3.8965403e+00
   1.0805053e+00   2.7440887e+00
   1.8314855e+00   2.1695603e+00
   2.2085365e+00   1.0326767e+00
   3.4018390e+00   6.8622142e-01
   2.7416694e+00   3.5871294e+00
   2.0803515e+00   1.6429519e+00
   3.4552294e+00   1.9787403e+00
   2.0816540e+00   5.3973647e-01
   1.3074947e+00   3.4478199e+00
   3.0054241e+00   1.3339020e+00
   3.8870363e+00   3.6741026e+00
   1.6898036e+00   5.2114964e-01
   1.1828204e+00   2.5790754e+00
   1.1980076e+00   2.3865900e+00
   3.7007578e-01   2.7725983e+00
   3.9358168e+00   1.5411390e+00
   3.2696922e+00   4.3983882e-01
   2.3848955e+00   1.3574053e+00
   1.7386674e+00   3.7456215e+00
   2.7143551e+00   3.2594514e+00
   3.9767202e+00   1.5249765e+00
   2.9409336e+00   3.0284522e+00
   6.7875784e-01   2.3995276e+00
   1.9549688e+00   3.5943557e-01
   2.8633407e+00   1.8744039e+00
   1.5319369e+00   4.0870021e-01
   3.7104707e+00   3.2014536e+00
   2.6402167e+00   3.9290149e+00
   3.7490862e+00   2.8527935e+00
   1.8759047e+00   3.1848359e+00
   1.4118117e+00   2.5125205e+00
   3.5894062e+00   1.3530550e+00
   3.6428305e-01   3.0611428e+00
   8.4780396e-01   2.8673347e+00
   3.8489007e+00   1.9373356e+00
   2.9435370e+00   1.8507747e+00
   1.4339269e+00   8.5785409e-01
   3.3639558e+00   2.2990805e+00
   3.2891999e+00   1.0265330e+00
   3.6642437e+00   3.0719759e+00
   2.6784080e+00   2.9479429e+00
   2.6261364e+00   2.9066391e+00
   7.3834300e-01   3.0242632e+00
   3.7001977e+00   2.7297424e+00
   2.6087300e+00   3.5970557e+00
   1.2530641e+00   2.1169942e+00
   3.8198232e+00   1.5645757e+00
   4.7096131e-01   3.8620223e+00
   3.7743042e-01   7.6229399e-01
   6.2578547e-01   1.0718654e+00
   2.2160186e+00   8.7338963e-01
   3.5510560e+00   3.2881380e+00
   1.7880626e+00   5.4925632e-01
   2.3768963e+00   2.1152318e+00
   2.5131766e+00   2.5141472e+00
   5.7768817e-01   1.6505746e+00
   1.7485130e+00   2.8476680e+00
