  -4.6543026e-01   2.1145512e-01
   5.7859950e-01   2.9362762e-01
   2.3322689e-01  -8.6163424e-01
   3.7292841e-01  -5.6290871e-01
   3.9486660e-01   5.5998856e-01
   8.6404119e-01   2.5815489e-01
  -7.5962383e-01  -8.5876715e-01
   2.1377243e-01   3.1443715e-01
  -2.0264700e-02   3.9318872e-02
   5.9402761e-02   8.9505928e-01
  -5.5626174e-01  -9.5829866e-01
   4.9636180e-01   4.5743568e-01
  -4.8369219e-01  -2.0296428e-01
  -6.0177205e-01   3.7449259e-01
   7.4304675e-01  -8.5382587e-01
  -9.4562900e-01   5.1609113e-01
  -9.2731957e-01  -8.9855482e-01
  -1.2401267e-01   2.8482016e-01
  -8.6862474e-01   1.5498101e-03
   9.5877285e-01   6.0179550e-02
   2.5780013e-01   4.7650305e-01
   3.1265617e-01  -4.5086309e-01
  -3.4418790e-01  -5.2392870e-01
  -4.9000274e-02   5.1988623e-01
  -9.6751635e-01   9.2018888e-01
  -5.9994371e-01  -6.6758728e-01
   7.1698947e-01  -2.4281222e-01
  -8.6491979e-01  -8.0639524e-01
  -3.7850288e-01   8.6912478e-01
   6.5324547e-01   6.0583173e-01
   2.2373683e-01   4.6041066e-01
   8.2920075e-01   5.8942681e-01
   7.6822088e-01   1.4713924e-01
  -5.0937393e-01  -2.7661970e-01
   9.1640381e-01  -6.7733268e-01
  -9.5406600e-02   7.7274117e-01
   7.7711629e-01   8.0399738e-01
  -7.0299213e-02   5.1716428e-01
   1.7044272e-01  -2.7641575e-01
  -9.7664198e-01  -7.5502376e-03
   4.5687078e-01   3.1737097e-01
  -1.6939930e-01  -4.2206643e-01
  -7.6272503e-01  -7.1388570e-01
   1.9251283e-01  -3.8373375e-01
  -9.9062428e-01  -3.0511740e-01
   8.7890956e-01  -7.2092307e-01
   3.8282408e-01  -5.6752294e-01
  -4.5640385e-01   1.1164337e-01
   5.0747466e-01  -8.9763252e-01
   3.1666385e-01  -1.6529474e-01
  -4.3257975e-01   4.2316033e-01
   7.1229015e-02   7.5854607e-01
  -8.7956786e-01   2.0295888e-01
   3.5485455e-01  -7.0055905e-02
   8.4576621e-01   6.3084129e-01
  -6.6722646e-02  -3.5575018e-01
  -2.6237967e-01  -2.4722113e-01
   8.3478786e-01  -7.2396857e-01
  -9.7685393e-01   3.0718477e-01
   8.5847040e-01  -9.4901605e-01
   3.8683508e-01  -5.3262731e-01
   6.4247405e-01   9.5756424e-01
   7.1547378e-01   8.8604289e-01
  -7.7884622e-01   9.6212771e-01
   4.0999881e-01  -8.6607207e-01
   1.0333286e-01  -6.0948507e-01
   4.1255581e-02  -1.5318808e-01
  -3.7253650e-01   7.4152858e-02
  -6.7717016e-01  -7.3445702e-02
  -3.6054444e-01   2.5181879e-01
   3.4213320e-01   5.1187995e-03
   4.7901591e-02   5.8355410e-01
   2.1560092e-01   4.2070385e-01
   5.2062988e-01   1.3880975e-01
  -6.7227494e-01  -6.8580244e-01
  -1.1276612e-02   2.5120672e-01
   5.2937606e-01   8.5166665e-01
  -3.9837705e-01   9.6639425e-01
   6.7773123e-01   4.4634715e-01
   3.5961523e-01  -6.2488313e-01
  -3.4307764e-01   7.2026345e-01
   7.6527332e-02  -7.4188021e-01
   6.7563385e-01   4.8694322e-01
  -5.1404623e-01  -9.0424311e-01
  -9.6103189e-01   2.9939888e-01
   2.1495731e-01  -8.8092576e-01
   7.7586072e-02   8.3952489e-01
  -5.4730104e-01  -6.5655095e-01
   8.3988202e-01  -8.2390716e-01
   8.7199044e-01  -3.9091441e-01
  -2.2740933e-02   3.4319030e-01
   3.9525568e-01  -5.9111339e-01
   3.3171296e-02   9.4961934e-01
  -4.2953291e-01  -9.2088066e-01
  -9.8109903e-01  -1.6417867e-02
  -4.1410057e-01   2.8186592e-01
   3.3296901e-01  -1.8996773e-01
  -6.8981526e-01  -8.8583608e-01
  -5.4884479e-01   2.6067399e-01
   7.5524406e-01  -5.7083755e-01
