  -8.7762168e-01
   1.0468936e+00
   3.0100752e-01
   6.1625635e-01
   6.5185744e-01
   1.4705459e+00
  -8.9988660e-01
   4.0349295e-01
  -4.0495304e-02
   7.4265900e-02
  -6.0712551e-01
   8.5453485e-01
  -9.1101009e-01
  -1.0537387e+00
   8.8910735e-01
  -1.4105078e+00
  -9.9640439e-01
  -2.3742328e-01
  -1.5268810e+00
   1.6340110e+00
   4.5310644e-01
   5.5370070e-01
  -5.8433855e-01
  -8.5018263e-02
  -9.9751304e-01
  -8.8677443e-01
   1.2756844e+00
  -1.0534434e+00
  -4.7705938e-01
   9.9920370e-01
   3.9754210e-01
   1.2259277e+00
   1.3746973e+00
  -9.3818607e-01
   1.2365372e+00
  -1.3641503e-01
   9.7306892e-01
  -1.2211099e-01
   3.2635983e-01
  -1.6571972e+00
   8.3822197e-01
  -3.0759106e-01
  -1.0443877e+00
   3.5482279e-01
  -1.5954758e+00
   1.1569086e+00
   6.2996678e-01
  -8.7595823e-01
   6.0597051e-01
   6.1430728e-01
  -7.6447564e-01
   1.0331388e-01
  -1.5092986e+00
   6.9320341e-01
   1.2088416e+00
  -1.2499688e-01
  -5.0298676e-01
   1.1105201e+00
  -1.5798926e+00
   8.8169744e-01
   6.4999951e-01
   6.8967026e-01
   8.2978494e-01
  -8.0329763e-01
   5.1645580e-01
   1.6915269e-01
   8.1521796e-02
  -7.2595775e-01
  -1.2498017e+00
  -6.8331445e-01
   6.7098604e-01
   7.9918107e-02
   3.9055951e-01
   9.8528420e-01
  -9.6393342e-01
  -2.1844887e-02
   6.6531070e-01
  -4.4089014e-01
   1.1311948e+00
   5.7082685e-01
  -5.0567841e-01
   1.1272171e-01
   1.1054021e+00
  -6.0802283e-01
  -1.5666281e+00
   2.7151145e-01
   1.0352259e-01
  -8.2439526e-01
   1.0116535e+00
   1.4157080e+00
  -4.2825942e-02
   6.3942029e-01
   3.8603822e-02
  -5.0399922e-01
  -1.6619941e+00
  -7.7297707e-01
   6.4194095e-01
  -8.0522031e-01
  -1.0081542e+00
   1.1535696e+00
