   9.4412767e-01   1.6956305e+00
   2.4283189e+00   8.0763468e-01
   1.9982363e+00   8.2633882e-01
   3.5668705e+00   3.2505568e-01
   3.2405736e-01   3.2893400e+00
   1.6594213e+00   3.3517805e+00
   9.0212661e-01   3.6853378e+00
   5.8227910e-01   1.5910880e+00
   3.6342573e+00   1.9895588e+00
   1.8831990e+00   2.6887741e+00
   2.3219636e+00   2.7919654e+00
   6.2203819e-01   3.9108567e+00
   2.4789142e+00   2.5694271e+00
   1.8091757e+00   3.7326745e+00
   2.5665384e+00   3.7342361e+00
   4.4928270e-01   3.9915558e+00
   4.7748182e-01   1.2926864e+00
   1.9924631e+00   3.8007333e+00
   3.3322505e+00   7.1487230e-01
   2.8857523e+00   3.5188681e+00
   2.3347957e+00   7.0519147e-01
   1.0434251e+00   3.6237043e+00
   2.6605528e+00   2.6502146e+00
   4.6771919e-01   2.5236771e+00
   2.9667590e+00   2.0331604e+00
   1.8699265e+00   2.2014485e+00
   2.2084269e+00   2.3156604e+00
   3.6717387e+00   2.8539150e+00
   3.0736449e+00   2.3832091e+00
   3.8596771e+00   1.0543288e+00
   3.1022876e+00   1.6881543e+00
   1.9209257e+00   2.6341667e+00
   1.9853396e+00   2.2060976e+00
   2.1928565e+00   7.7656688e-01
   1.1643573e+00   3.3702975e+00
   1.9268408e+00   3.4059316e+00
   8.3360582e-01   1.4968630e+00
   2.2365365e+00   8.8604434e-01
   1.7940424e+00   3.4715579e+00
   5.0336549e-01   1.4745581e+00
   1.6479921e+00   1.2976500e+00
   6.6473111e-01   3.4842433e+00
   2.5568847e+00   3.2645140e+00
   1.1265831e+00   1.2711381e+00
   2.4484657e+00   3.6257566e+00
   1.5228875e+00   7.6579019e-01
   3.0620305e+00   3.4691635e+00
   3.1919450e+00   3.3514725e+00
   7.4079775e-01   1.9793297e+00
   1.8946583e+00   7.7394849e-01
   8.3777400e-01   6.0413523e-01
   6.6818262e-01   9.4442033e-01
   2.2005992e+00   2.9915828e+00
   9.8470175e-01   2.1018002e+00
   2.9835264e+00   2.1756216e+00
   4.4285270e-01   3.7037897e+00
   9.4841338e-01   1.0972270e+00
   3.4399463e+00   8.0265043e-01
   3.3706627e+00   1.9350122e+00
   1.0546579e+00   1.1217094e+00
   2.1038522e+00   1.1734571e+00
   2.2811125e+00   1.3189704e+00
   1.0233587e+00   8.1103958e-01
   3.6824910e+00   9.5260673e-01
   1.3462610e+00   1.6775823e+00
   3.8188791e+00   3.9508981e+00
   2.8277228e+00   3.4777490e+00
   2.5862673e+00   3.0157675e+00
   2.3303078e+00   2.4821661e+00
   3.1784302e+00   1.1836899e+00
   1.1628143e+00   1.1969899e+00
   7.3133193e-01   3.7001868e-01
   1.6076842e+00   3.3201669e+00
   6.6859425e-01   2.9378225e+00
   1.7090967e+00   3.1669638e+00
   3.9185742e+00   1.3942728e+00
   2.5722110e+00   3.2537911e+00
   2.4309132e+00   2.1818754e+00
   1.9639363e+00   7.3624197e-01
   1.9493641e+00   3.5418289e+00
   1.8075365e+00   1.0601289e+00
   3.6247691e+00   1.3802143e+00
   1.8404637e+00   1.3761210e+00
   2.8165765e+00   3.5391430e+00
   4.3303677e-01   8.9565191e-01
   9.5886370e-01   2.9743960e+00
   6.4746262e-01   3.2805925e+00
   7.6322593e-01   3.0447796e+00
   9.9755719e-01   3.2307160e+00
   2.0221309e+00   2.8819392e+00
   9.3556159e-01   3.1800825e+00
   2.2278989e+00   1.6511854e+00
   2.7985774e+00   3.6657880e+00
   3.5148920e+00   2.3466816e+00
   3.1006667e+00   3.4687992e+00
   3.9416575e+00   3.8427898e+00
   1.1134081e+00   3.2788591e+00
   9.4009466e-01   1.8464570e+00
   3.7140935e+00   2.5308462e+00
   3.6260679e+00   2.2353252e+00
