   5.3972801e-01
   3.1991429e-02
   9.2268227e-02
   2.3196758e-04
   3.4735306e-01
   3.3620382e-01
   3.8021371e-01
   4.1452837e-01
   6.6340503e-04
   3.7097299e-01
   1.3553353e-01
   2.7170510e-01
   9.3152474e-02
   1.9105223e-01
   3.1558855e-02
   2.1560338e-01
   2.8637560e-01
   1.2913470e-01
   9.8984206e-04
   1.2756865e-02
   3.8077878e-02
   4.0529154e-01
   5.1902613e-02
   6.2743733e-01
   1.4737716e-02
   3.6394881e-01
   1.8814521e-01
   5.9927300e-04
   1.1180014e-02
   8.5360256e-05
   6.4756761e-03
   3.5158109e-01
   2.9442675e-01
   5.7793675e-02
   4.9726141e-01
   2.0961480e-01
   4.4087380e-01
   5.6966050e-02
   2.4829408e-01
   3.4706046e-01
   2.4837669e-01
   4.1207528e-01
   4.9637035e-02
   3.6312455e-01
   4.9727922e-02
   1.8081585e-01
   6.6546599e-03
   4.2554630e-03
   6.3559446e-01
   1.0746971e-01
   2.0316320e-01
   2.4745431e-01
   1.6410822e-01
   7.3589956e-01
   1.4984340e-02
   2.7675111e-01
   3.1484032e-01
   6.3640265e-04
   2.3857712e-03
   3.2165106e-01
   9.9900257e-02
   7.4662997e-02
   2.4662134e-01
   2.0858948e-04
   4.7272748e-01
   1.0712141e-04
   1.6427112e-02
   5.5089689e-02
   1.4194645e-01
   2.9632400e-03
   3.3605766e-01
   1.6217364e-01
   3.6911488e-01
   6.4381261e-01
   3.6770964e-01
   8.2482042e-05
   4.7748386e-02
   9.9181665e-02
   9.1601602e-02
   1.7766838e-01
   1.5915255e-01
   4.1505499e-04
   2.0032752e-01
   1.6178922e-02
   1.9213348e-01
   7.0054254e-01
   4.8809937e-01
   6.3167436e-01
   5.7671585e-01
   2.6137536e-01
   5.9900693e-01
   1.1528891e-01
   1.5382557e-02
   1.4642640e-03
   5.6678883e-03
   5.8120700e-05
   5.4644591e-01
   6.1238182e-01
   5.2641664e-04
   7.9649408e-04
