   1.2197053e+00   6.8640119e-01
   1.2514879e+00   2.4732537e+00
   1.0760211e+00   7.2477081e-01
   2.4483063e+00   1.2225778e+00
   3.3900582e+00   1.8324391e+00
   3.4548420e+00   2.9472269e+00
   2.6824192e+00   3.5177811e+00
   3.9445287e+00   3.3170832e+00
   3.9222332e+00   1.1600621e+00
   2.8257168e+00   1.5814404e+00
   3.2062677e+00   3.8542657e+00
   1.5905522e+00   1.4148574e+00
   3.1879044e+00   8.7052620e-01
   4.7167015e-01   3.0544150e+00
   1.6054808e+00   1.3467108e+00
   1.6208920e+00   1.5167059e+00
   7.8001964e-01   3.0492803e-01
   3.9343112e+00   2.3864800e+00
   1.8382892e+00   1.9432946e+00
   1.8039955e+00   8.9704300e-01
   3.1959557e+00   2.9028097e+00
   1.9028551e+00   2.3129150e+00
   2.4322291e+00   1.2420930e+00
   2.7067328e+00   1.7545101e+00
   4.2213992e-01   1.2050906e+00
   1.7948432e+00   2.4559493e+00
   3.8480937e+00   4.9515085e-01
   2.5034232e+00   2.5284829e+00
   3.7523903e+00   4.4789199e-01
   3.7670510e+00   3.4909177e+00
   3.0962348e+00   1.5695065e+00
   2.2939825e+00   7.1526383e-01
   3.3498779e+00   2.4956783e+00
   3.3976333e-01   2.6312840e+00
   3.0621202e+00   3.1911076e+00
   6.8122865e-01   3.0251023e+00
   4.7911990e-01   3.2289095e+00
   9.8705714e-01   2.7002319e+00
   2.0495069e+00   3.6740608e+00
   3.3565181e-01   2.5424815e+00
   3.4752678e+00   3.0248487e+00
   2.0519112e+00   2.9390306e+00
   8.5475858e-01   2.8529526e+00
   1.2081822e+00   3.7035185e+00
   5.1012723e-01   3.8873200e+00
   1.0594058e+00   1.5170265e+00
   2.0223098e+00   6.5081822e-01
   2.0056082e+00   3.2841711e+00
   1.5989075e+00   2.8261188e+00
   1.9317103e+00   9.4101381e-01
   1.5188060e+00   2.0797368e+00
   2.4167599e+00   3.7755524e+00
   3.9717072e+00   8.1086771e-01
   2.9560481e+00   2.7407197e+00
   1.6356835e+00   1.0179452e+00
   2.4190956e+00   2.6179907e+00
   1.7072381e+00   2.5967197e+00
   1.6767081e+00   1.9316156e+00
   1.8698162e+00   2.7381051e+00
   3.0495695e+00   1.9544632e+00
   1.6322978e+00   3.4509363e+00
   2.6180102e+00   2.9171031e+00
   3.4556179e+00   1.8856205e+00
   7.4409158e-01   2.5947289e+00
   9.4506785e-01   2.6724115e+00
   3.8173229e+00   3.5846754e+00
   3.9167555e+00   3.9763365e+00
   1.2324180e+00   2.9949091e+00
   1.3530957e+00   2.1715443e+00
   3.4016594e+00   4.8103722e-01
   3.2677727e+00   7.0040896e-01
   1.6688569e+00   3.4756964e+00
   1.6424006e+00   3.6889946e+00
   1.3054427e+00   2.7851414e+00
   1.2600364e+00   2.0106416e+00
   3.9792592e+00   3.8571420e+00
   4.7117429e-01   5.9569380e-01
   2.8024326e+00   1.7278799e+00
   2.1562332e+00   3.6081398e-01
   7.1916562e-01   2.4900565e+00
   2.0068642e+00   2.4024743e+00
   2.9589329e+00   3.4540156e-01
   3.8542304e+00   2.4822796e+00
   2.2569304e+00   1.6328012e+00
   3.7610418e+00   3.9410828e-01
   3.9614717e+00   3.9207451e+00
   2.0231487e+00   7.8911810e-01
   1.6460469e+00   2.3371333e+00
   6.3424267e-01   3.4947209e+00
   3.4235539e+00   2.8254005e+00
   1.8307124e+00   4.2938603e-01
   3.1022263e+00   1.9287321e+00
   2.3499235e+00   1.9273604e+00
   2.0620890e+00   3.1346134e+00
   1.2863847e+00   3.9994054e+00
   8.0052665e-01   1.2526242e+00
   5.8749289e-01   3.5775130e+00
   3.4323958e+00   4.8396981e-01
   1.5470590e+00   1.5271264e+00
   2.7937771e+00   2.9993486e+00
