   2.1226247e-01
   7.8179424e-01
   2.2848477e-01
   4.3347494e-02
   2.0082206e-03
   1.7246520e-03
   2.6379487e-02
   9.1890120e-05
   6.5298887e-05
   1.7456748e-02
   2.5351293e-03
   2.9676461e-01
   2.1628154e-03
   5.0182550e-01
   2.7393724e-01
   3.1386595e-01
   1.5830955e-01
   1.5025365e-04
   3.2798542e-01
   1.3899137e-01
   5.9084997e-03
   3.5835939e-01
   4.6209544e-02
   3.0935961e-02
   2.4892654e-01
   4.4232380e-01
   5.7482851e-05
   8.6875539e-02
   9.4764731e-05
   2.1674798e-04
   5.9776567e-03
   4.2738938e-02
   3.3317307e-03
   5.3126478e-01
   8.4827428e-03
   6.1215511e-01
   4.4034629e-01
   8.0625617e-01
   1.2890996e-01
   5.3516357e-01
   1.4796870e-03
   2.3745053e-01
   7.3919972e-01
   3.6156373e-01
   2.5175479e-01
   4.6000377e-01
   7.6123516e-02
   2.0042974e-01
   5.3476398e-01
   1.1562104e-01
   5.5499746e-01
   4.7527980e-02
   3.6052210e-05
   1.7325009e-02
   1.9655067e-01
   1.0995451e-01
   5.0143935e-01
   4.1534081e-01
   3.7341507e-01
   1.0005645e-02
   3.1861437e-01
   5.3095392e-02
   1.5248237e-03
   7.7471440e-01
   8.1073932e-01
   1.5028973e-04
   5.9757805e-05
   6.5567996e-01
   6.7497035e-01
   5.9249033e-04
   1.3160559e-03
   2.9707831e-01
   2.5323217e-01
   7.1093459e-01
   6.4927750e-01
   4.5927518e-05
   1.5664804e-01
   2.1613883e-02
   4.5474351e-02
   7.7007151e-01
   2.9999425e-01
   3.6884770e-03
   2.4136161e-04
   1.0553150e-01
   8.6764775e-05
   4.8244186e-05
   8.5058808e-02
   5.3710480e-01
   3.9954144e-01
   2.1538574e-03
   9.1396746e-02
   7.8894213e-03
   1.0580067e-01
   2.0194820e-01
   2.6716914e-01
   3.4869748e-01
   3.5727058e-01
   5.1183305e-04
   3.4538198e-01
   2.7632828e-02
