   2.1451966e+00   2.6288535e+00
   2.3226405e+00   3.7193434e+00
   1.1311656e+00   3.9844769e+00
   7.5502847e-01   8.5533253e-01
   2.0952844e+00   3.9174853e-01
   3.5339565e+00   3.6716772e+00
   2.6732734e+00   8.4759060e-01
   1.9584779e+00   6.3278931e-01
   8.0743189e-01   2.9480663e+00
   8.2228927e-01   9.4755331e-01
   3.9356044e+00   8.9096988e-01
   3.8959718e+00   2.0720489e+00
   1.8869024e+00   3.8103071e+00
   3.0973425e+00   3.0419595e+00
   2.3667854e+00   2.7876338e+00
   3.0996213e+00   5.6027742e-01
   3.9109043e+00   1.4325903e+00
   4.5493398e-01   3.7662823e+00
   1.5987129e+00   3.4706669e+00
   2.0635975e+00   3.5961353e+00
   9.4726073e-01   2.4777716e+00
   1.6168468e+00   9.0156941e-01
   3.5873370e+00   9.5136694e-01
   5.5586628e-01   3.0659854e+00
   6.4316551e-01   3.7975575e+00
   1.0614755e+00   2.7345252e+00
   2.5762362e+00   2.3121783e+00
   1.3116986e+00   2.5113164e+00
   3.0668059e+00   1.1680307e+00
   1.4311874e+00   3.3331406e+00
   3.1321441e+00   3.2174335e+00
   1.2356772e+00   2.4795206e+00
   2.7827591e+00   1.9141612e+00
   7.8808220e-01   2.3340359e+00
   3.7870591e+00   1.6059842e+00
   1.9449578e+00   3.9844274e+00
   1.6245828e+00   1.6503653e+00
   9.2826354e-01   3.8748456e+00
   2.1465740e+00   3.9154123e-01
   1.9730149e+00   3.1780047e+00
   5.4499913e-01   1.9286738e+00
   3.5851622e+00   2.6328497e+00
   3.6588013e+00   1.4618914e+00
   3.1958210e+00   3.7107166e+00
   2.0461912e+00   1.1263011e+00
   3.2457265e+00   1.6855992e+00
   3.5398953e+00   1.4401342e+00
   2.7873308e+00   4.3994315e-01
   5.6041612e-01   2.5391278e+00
   7.6054605e-01   3.3926982e+00
   1.8738549e+00   2.4765333e+00
   3.1958633e+00   1.6447827e+00
   2.4798422e+00   8.1757518e-01
   2.0469029e+00   7.3117477e-01
   4.2501734e-01   3.9305045e+00
   9.6627208e-01   2.3042617e+00
   3.7477327e+00   6.2008666e-01
   2.4858268e+00   1.2475560e+00
   2.1734414e+00   1.0761675e+00
   1.1082238e+00   1.4640563e+00
   3.8225888e+00   3.6438809e+00
   1.6403602e+00   2.2265763e+00
   1.9966230e+00   9.0027324e-01
   3.3739975e+00   8.3136517e-01
   3.2254606e+00   5.3699638e-01
   1.9317841e+00   3.4621882e+00
   2.6089250e+00   3.9054901e+00
   3.8353805e+00   3.7373929e+00
   2.7548710e+00   1.8152248e+00
   1.2860165e+00   3.6359615e+00
   2.9756729e+00   2.0926397e+00
   2.3759882e+00   2.0377932e+00
   3.9000285e+00   9.2096434e-01
   1.4132288e+00   6.0657635e-01
   2.1389758e+00   2.6426966e+00
   1.3506302e+00   1.4506220e+00
   5.7456962e-01   2.0255099e+00
   7.1216959e-01   1.0809569e+00
   5.7863566e-01   3.0534916e-01
   3.9859105e+00   3.2511617e+00
   2.5185114e+00   1.6617755e+00
   3.2191816e+00   3.5600902e-01
   3.4866940e+00   2.9454203e+00
   3.3601526e+00   1.1087414e+00
   3.7666178e+00   2.8482539e+00
   4.3265780e-01   1.2102267e+00
   8.1692991e-01   1.2845140e+00
   2.9841357e+00   7.8866205e-01
   3.5267484e+00   1.5735782e+00
   1.6841821e+00   3.0912429e+00
   1.0998938e+00   3.5901830e+00
   2.4312374e+00   2.9286146e+00
   3.9489299e-01   1.2119576e+00
   4.6096822e-01   1.9701406e+00
   3.7537624e+00   3.7455298e+00
   1.7861121e+00   2.5779700e+00
   3.2042068e+00   1.2556729e+00
   1.1977257e+00   2.6350817e+00
   2.5516081e+00   2.8734691e+00
   3.6047805e+00   1.7935415e+00
