   2.2145455e-01
   6.4717205e-02
   2.8878893e-01
   2.4117048e-01
   5.3377328e-02
   6.3243009e-04
   1.5473914e-02
   8.5148311e-02
   6.8790821e-01
   2.6839003e-01
   4.7733859e-05
   1.6476172e-04
   1.5612178e-01
   8.2287987e-03
   1.2038077e-01
   2.4532936e-03
   8.9323765e-05
   2.6501861e-01
   3.2618589e-01
   1.3434578e-01
   8.3067666e-01
   1.8203013e-01
   3.4403592e-04
   5.3999879e-01
   3.0532160e-01
   7.9380578e-01
   6.7487299e-02
   7.5609800e-01
   4.6931926e-03
   4.3837583e-01
   6.1871356e-03
   7.8803344e-01
   2.6995291e-02
   7.7885947e-01
   2.1167098e-04
   1.2030119e-01
   3.5225251e-01
   3.2194258e-01
   4.7572128e-02
   2.3377664e-01
   5.3262018e-01
   1.0281589e-03
   3.7358054e-04
   3.0210613e-03
   1.0842122e-01
   3.4630375e-03
   6.7956099e-04
   7.5286845e-03
   6.8603231e-01
   4.7286791e-01
   3.8813475e-01
   4.1690830e-03
   2.7768954e-02
   7.7205644e-02
   2.2132253e-01
   8.0663183e-01
   1.1112872e-04
   3.9714898e-02
   7.8190260e-02
   4.3479012e-01
   1.3821804e-04
   5.2057594e-01
   9.8525114e-02
   8.9540322e-04
   1.3979717e-03
   1.9742970e-01
   2.3657522e-02
   1.1808541e-04
   2.7550150e-02
   3.7000002e-01
   1.4770431e-02
   1.0651090e-01
   6.0268558e-05
   1.7617893e-01
   2.2393179e-01
   3.8428541e-01
   5.8551607e-01
   2.8642914e-01
   1.3917094e-01
   7.6105979e-05
   5.2386362e-02
   1.2531993e-03
   1.4751803e-03
   1.2148424e-03
   3.5878916e-04
   2.5311101e-01
   3.6118565e-01
   4.7256431e-03
   8.1990896e-04
   4.0410462e-01
   4.1451592e-01
   9.3181224e-02
   2.4252632e-01
   5.0504656e-01
   1.8497372e-04
   4.4693274e-01
   2.8242047e-03
   7.8937921e-01
   6.7221072e-02
   6.6550109e-04
