   3.5304933e+00   2.4745207e+00
   1.2899462e+00   1.2642311e+00
   3.7819405e+00   3.6297997e+00
   3.9639746e+00   3.6381107e-01
   3.6942704e+00   1.1433082e+00
   4.3764767e-01   2.9523753e+00
   2.4681271e+00   6.6862306e-01
   1.8577258e+00   2.9529648e+00
   4.6845907e-01   1.1864480e+00
   3.7232929e+00   1.8275040e+00
   3.0799805e+00   1.3709275e+00
   5.2347479e-01   8.6098756e-01
   2.9718959e+00   1.4462661e+00
   1.3594284e+00   2.6437254e+00
   3.8685522e+00   3.8359188e-01
   8.5252426e-01   2.6093913e+00
   2.5096527e+00   1.0406986e+00
   2.0211242e+00   1.7691087e+00
   1.8219446e+00   2.0235731e+00
   3.5578092e+00   3.2539229e+00
   1.1320863e+00   1.1177161e+00
   2.3089606e+00   1.7148280e+00
   3.8061291e+00   3.6551135e+00
   2.7173605e+00   7.5834148e-01
   4.2615921e-01   4.6671207e-01
   1.7387657e+00   2.8515340e+00
   3.5335019e+00   1.4030475e+00
   1.7367544e+00   3.9872732e+00
   3.0635556e+00   9.8054667e-01
   3.0420923e+00   2.3540430e+00
   1.1501784e+00   2.4878043e+00
   3.7180675e+00   2.1464362e+00
   9.3655001e-01   2.0114709e+00
   3.3719351e+00   8.6524573e-01
   1.8201247e+00   1.2566677e+00
   3.1502463e+00   2.9728076e+00
   1.5580810e+00   3.9864854e+00
   3.5979404e+00   2.3546482e+00
   3.4650778e+00   2.6816116e+00
   7.8804135e-01   2.8189848e+00
   2.8247548e+00   3.8253956e+00
   8.5344425e-01   1.6556765e+00
   1.8183614e+00   2.0361206e+00
   2.3348064e+00   7.7559692e-01
   2.3416698e+00   5.9528480e-01
   3.1600932e+00   2.3128301e+00
   3.0407753e+00   2.7875357e+00
   3.6583989e+00   3.4209757e+00
   2.0157465e+00   2.5138016e+00
   1.7829717e+00   5.3088414e-01
   3.7924341e+00   3.0292888e+00
   6.5377470e-01   8.6826616e-01
   2.3673660e+00   6.1489727e-01
   1.4743627e+00   4.8132586e-01
   3.7956514e+00   5.9749183e-01
   2.5899372e+00   1.0891748e+00
   2.0182276e+00   1.7375916e+00
   3.5524167e+00   1.3655348e+00
   3.0109353e+00   8.5393196e-01
   2.4800971e+00   2.6451229e+00
   6.7238412e-01   7.2065639e-01
   3.8094964e-01   3.0175813e+00
   6.1189881e-01   3.5930829e+00
   1.9840653e+00   1.9387681e+00
   9.9677895e-01   1.8099196e+00
   5.7796543e-01   1.8312579e+00
   1.5175468e+00   3.5511970e+00
   1.1409618e+00   2.2507001e+00
   1.5475328e+00   7.7265205e-01
   2.3440553e+00   1.0826837e+00
   3.8827520e+00   9.2251608e-01
   1.1407498e+00   1.6124792e+00
   1.7805390e+00   1.6488671e+00
   3.9658544e+00   2.3412040e+00
   2.0094685e+00   7.8596491e-01
   3.9427627e+00   2.9284346e+00
   2.1442292e+00   1.6134549e+00
   3.9556145e+00   2.6941968e+00
   2.2909678e+00   1.8735472e+00
   7.9171703e-01   3.1021396e+00
   1.5550518e+00   1.1989675e+00
   2.9973308e+00   9.9724353e-01
   1.8378823e+00   8.6512291e-01
   3.7214693e+00   3.9674911e+00
   5.6007909e-01   3.9064609e+00
   1.7037636e+00   3.7117744e+00
   2.3910884e+00   1.9698200e+00
   3.0993896e+00   1.0466641e+00
   3.0145626e+00   1.6895985e+00
   1.7106061e+00   3.0497154e+00
   3.6472287e+00   3.6340729e+00
   1.0141764e+00   3.4836772e+00
   3.5942880e+00   3.9011692e+00
   1.2552501e+00   8.6056902e-01
   1.8305314e+00   7.5568355e-01
   3.1213357e-01   1.0170757e+00
   2.3195944e+00   1.2532276e+00
   1.5765262e+00   2.9942552e+00
   2.6886757e+00   1.1264551e+00
   3.7490863e+00   2.5090561e+00
