   1.3791905e-03
   3.3711991e-01
   1.7582559e-04
   2.6545347e-05
   2.3144873e-04
   5.1891062e-01
   2.5441072e-02
   3.4100541e-01
   2.5769633e-01
   3.6396130e-04
   5.3402636e-03
   2.0504010e-01
   8.8638432e-03
   7.1994676e-01
   4.6998294e-05
   8.0735380e-01
   3.0749195e-02
   2.0326555e-01
   3.5659483e-01
   8.1488565e-04
   3.1591017e-01
   9.9232810e-02
   1.5009036e-04
   1.2371914e-02
   1.3487007e-01
   4.3774792e-01
   6.7860150e-04
   1.7031590e-01
   4.0318970e-03
   1.2650488e-02
   8.1464809e-01
   4.6694031e-04
   6.9229817e-01
   9.3034415e-04
   1.8587063e-01
   6.8967099e-03
   2.1479724e-01
   9.5952842e-04
   1.8621105e-03
   7.3444732e-01
   1.2109137e-02
   5.1166267e-01
   3.6168736e-01
   4.0337285e-02
   3.4235306e-02
   7.6190786e-03
   1.2110129e-02
   4.1632509e-04
   2.9694115e-01
   1.0668792e-01
   2.7746130e-04
   2.2964953e-01
   3.2432492e-02
   1.5137316e-01
   8.3693877e-05
   2.5020610e-02
   1.9906733e-01
   5.9561706e-04
   4.4838180e-03
   9.1592372e-02
   2.0572931e-01
   4.6438116e-01
   3.5917883e-01
   2.5062751e-01
   5.9657745e-01
   5.0803764e-01
   3.3189323e-01
   7.7671081e-01
   1.7710800e-01
   5.1181500e-02
   6.6689252e-05
   4.9322724e-01
   2.8255857e-01
   1.2348270e-04
   8.7228957e-02
   1.2533639e-04
   1.3596416e-01
   1.2987713e-04
   1.1861560e-01
   6.1280101e-01
   2.5403890e-01
   5.3529862e-03
   1.2796090e-01
   1.8110951e-04
   2.5928587e-01
   2.2837615e-01
   9.7499723e-02
   3.6792553e-03
   9.3041908e-03
   4.0176695e-01
   3.6393191e-04
   4.6124260e-01
   3.7750078e-04
   2.4099501e-01
   1.1824837e-01
   1.8329462e-01
   6.3638024e-02
   4.9658577e-01
   1.8709870e-02
   4.3513019e-04
