  -4.2687209e-01   5.2785324e-01
  -2.9034756e-01   8.9527862e-01
   7.1523396e-02  -3.3290545e-01
   9.8166596e-01  -2.2052324e-01
  -9.4364383e-01  -6.9917424e-01
   4.1906403e-01  -3.3259116e-01
   8.1031404e-01   1.0735766e-01
   7.3165876e-01   1.0058789e-01
  -7.6166135e-01  -6.7915791e-01
   9.1055040e-01  -7.6582106e-01
  -1.1819842e-01  -2.0289913e-01
   7.5152043e-01   6.6276601e-01
   7.2990329e-01  -6.2999759e-01
  -2.8969885e-01   1.5715150e-03
   2.6229289e-01  -7.4737104e-01
   7.2909850e-01   7.2925691e-01
  -9.5801653e-01   5.3329138e-01
  -8.4635949e-01   1.2870707e-01
  -2.4657115e-01  -2.2086126e-01
  -7.0161267e-01  -1.9724673e-02
  -9.3180621e-01   7.7380819e-01
   5.6449942e-01   8.1009656e-01
  -3.4550985e-01  -3.2220893e-03
   6.3495266e-01   5.8453900e-02
  -6.5276190e-01   8.1940144e-01
   3.5223547e-01   1.5719689e-01
   7.5120096e-01   5.5157021e-01
   5.1431094e-01   3.2278926e-01
  -5.4074857e-01  -6.0685522e-02
  -2.8211276e-01  -5.6046476e-01
  -2.7367181e-01   2.0517948e-01
  -4.6511378e-01  -6.3148201e-01
  -3.2539448e-01  -6.0498057e-01
  -8.2607870e-01   7.2398429e-01
  -9.6880696e-02  -7.4870150e-01
  -9.0671945e-02   2.9116051e-01
  -9.4192898e-01  -1.2536358e-01
   2.7420375e-01   2.2521013e-01
  -8.8108243e-01   4.7496483e-01
  -6.6160777e-01  -3.9344111e-01
   3.6935948e-01  -9.1406457e-01
   1.0913463e-01   6.7101506e-01
  -9.8792833e-01  -2.6138364e-01
  -4.2382969e-01   3.2267861e-01
  -2.4677687e-01   7.9143984e-01
  -7.0701393e-01  -4.5180187e-01
  -8.5093277e-01   9.9579695e-01
  -7.8514248e-02   6.6870676e-01
  -2.5921124e-01   5.8268737e-01
   6.4911504e-01   3.1322542e-01
   7.5071312e-02   8.7346039e-02
   6.3503217e-01  -2.2663734e-01
  -7.9238347e-02   6.4446418e-01
  -9.7193237e-01   1.9066903e-01
  -9.9003359e-01   5.6328264e-01
  -6.6754643e-01   9.7534911e-01
  -2.6812232e-01   5.7650760e-01
   4.3642095e-01   7.0584177e-01
  -6.8115273e-01  -2.8774342e-02
  -4.4245706e-01   7.4751215e-01
   2.8987690e-01  -3.3230583e-01
  -4.2559170e-01  -5.8936644e-01
  -3.5613821e-01  -1.1285864e-02
  -6.8916641e-01  -9.3758208e-01
  -2.2467372e-01   6.5514883e-01
   7.9146627e-01  -4.7148512e-01
   7.7553374e-01   3.5499866e-01
  -2.1277334e-01   5.8772867e-01
   3.5091548e-01   3.6368773e-01
  -4.9557161e-01   3.0151847e-01
   8.9997542e-01  -5.2531654e-01
   2.4936435e-01  -4.5193042e-02
  -5.8610412e-01   8.7283853e-01
  -7.8068968e-01  -5.1779298e-01
   1.3169922e-01  -5.8177224e-01
  -4.5133321e-01  -4.5505594e-01
  -8.5766948e-01   5.5163484e-01
  -6.8310140e-01  -3.3717717e-01
  -9.0095941e-01   2.0614940e-01
   3.6176750e-01  -6.3197027e-01
   5.6351162e-01  -8.2508230e-01
   6.1473039e-01  -3.8216924e-01
  -4.6989281e-01  -5.3824319e-01
   7.9179879e-01   8.1837410e-01
   2.1597218e-01   8.7376869e-01
  -9.7119832e-01  -9.3624232e-01
  -3.1194250e-01   1.8729409e-01
   6.7329471e-02  -9.1236496e-01
   2.5552515e-01  -1.5019431e-01
  -1.0652540e-01   4.3162558e-02
   6.2221129e-01   6.8067884e-01
  -7.1034402e-01   2.5005936e-01
   9.4965875e-01  -4.8959064e-01
   6.6752013e-01   8.0938247e-01
  -3.1979768e-01   5.3460120e-01
   2.3247813e-01   1.2533100e-01
  -3.9248766e-01   7.9430707e-01
  -8.2156247e-01  -2.6384118e-01
   4.3051610e-02  -3.2453799e-01
   6.5058307e-01   2.3771071e-01
