  -7.1534544e-01
  -3.5802915e-01
   1.3507784e-01
   1.6225794e+00
  -1.2394493e+00
   7.6921405e-01
   1.4406650e+00
   1.3294554e+00
  -1.0739747e+00
   1.1386567e+00
  -2.3100873e-01
   1.0764153e+00
   1.0775834e+00
  -5.7132657e-01
   3.8037557e-01
   9.9352677e-01
  -1.4089128e+00
  -1.4853572e+00
  -4.7630266e-01
  -1.2906495e+00
  -1.1482673e+00
   7.3767878e-01
  -6.7734936e-01
   1.1842527e+00
  -8.2927033e-01
   6.8148614e-01
   1.1626032e+00
   9.3305746e-01
  -1.0276606e+00
  -4.7158959e-01
  -5.2919877e-01
  -7.2405624e-01
  -5.2588626e-01
  -1.1017022e+00
  -1.4172249e-01
  -1.7347345e-01
  -1.6046957e+00
   5.2788510e-01
  -1.3720756e+00
  -1.1348884e+00
   4.4082609e-01
   1.7060736e-01
  -1.6130583e+00
  -7.8005846e-01
  -3.4337026e-01
  -1.1687802e+00
  -8.1781328e-01
  -1.2308179e-01
  -4.2804471e-01
   1.1501408e+00
   1.4942980e-01
   1.1560674e+00
  -1.2655719e-01
  -1.6220158e+00
  -1.4137626e+00
  -6.9443666e-01
  -4.4420494e-01
   6.4340288e-01
  -1.2588565e+00
  -6.2801180e-01
   5.4039404e-01
  -6.8641488e-01
  -6.9727036e-01
  -7.5256651e-01
  -3.5332319e-01
   1.2675374e+00
   1.3128882e+00
  -3.5147480e-01
   6.4254586e-01
  -9.0816323e-01
   1.3553880e+00
   4.9307208e-01
  -7.1092942e-01
  -1.2230300e+00
   2.1943118e-01
  -7.8355973e-01
  -1.2882684e+00
  -1.1913201e+00
  -1.5346488e+00
   5.7114415e-01
   7.2484889e-01
   1.0702623e+00
  -7.7754182e-01
   9.7265266e-01
   2.7513241e-01
  -9.7881732e-01
  -6.0308133e-01
   8.2332456e-02
   4.9981610e-01
  -2.1245004e-01
   9.0589302e-01
  -1.2636260e+00
   1.4353693e+00
   8.5420823e-01
  -5.4102084e-01
   4.5716519e-01
  -5.3607945e-01
  -1.4137460e+00
   8.1583265e-02
   1.1772387e+00
