  -5.7102647e-01
  -6.3622632e-01
  -8.3070891e-01
   6.6646167e-01
   1.0108818e+00
   9.2359259e-01
   1.0998100e+00
  -9.0604963e-01
   7.3453872e-01
   3.5248713e-01
  -9.0865063e-01
  -2.9678764e-01
  -1.6273818e-01
   2.2322674e-03
   9.9494328e-02
  -4.7242088e-01
  -6.3483609e-01
   5.6853564e-01
   1.3697340e+00
   3.4896747e-01
   3.6191324e-01
   8.6176820e-01
  -2.8267443e-01
  -1.0295321e-01
   3.2634687e-02
   1.3618387e+00
  -1.2092595e-01
   5.3428192e-01
  -1.3697957e-01
   2.0756361e-01
  -8.9747194e-01
   6.9449387e-01
   5.3975751e-01
  -9.3173844e-01
  -1.4943813e+00
   9.9817845e-01
   2.0747148e-01
   5.9243277e-01
   4.1566203e-01
   7.9415904e-01
   1.3793060e+00
   5.0707758e-01
  -1.3735976e+00
   8.2683205e-01
  -2.0461472e-01
   3.8226741e-01
   5.2004309e-01
   6.6115328e-01
  -1.4965336e+00
  -7.9719736e-01
  -1.1507590e+00
   1.3694145e+00
   4.8850299e-02
   6.4602897e-01
   4.8462649e-01
  -1.3283676e+00
  -8.9052170e-01
  -8.1680994e-01
   8.3961293e-01
  -9.4872033e-01
  -5.4596909e-01
   6.4445696e-01
   4.2591319e-01
   7.8500372e-01
   1.2057249e+00
   8.6522006e-01
  -1.4019839e+00
   2.8083236e-01
   1.3590957e+00
  -9.6342716e-01
   2.0035630e-01
   1.5137794e+00
  -1.0690639e+00
   8.7580204e-02
  -1.3526239e+00
   6.7536782e-01
  -5.4193126e-01
  -8.0660409e-01
   1.5234220e+00
   6.6958869e-01
   1.2119959e+00
   5.3256922e-01
   4.2359529e-01
   1.1608138e-01
  -9.8725441e-01
  -2.7917711e-02
   2.2740310e-01
   9.1863981e-01
  -9.9327487e-01
   8.5733056e-02
   1.1391331e+00
  -5.1735829e-01
   1.8146586e-01
   4.6832791e-01
  -9.1551464e-01
   5.6707600e-01
  -9.7675033e-01
   5.2438094e-02
   2.5097862e-01
  -1.5407702e+00
