  -4.1544137e-01   7.8494491e-01
  -4.1664332e-01   6.6638721e-01
  -5.0899991e-01   5.5033092e-01
   4.0869584e-01   5.7627127e-01
   5.4922375e-01  -2.5274084e-01
   6.4530712e-01  -6.9537604e-01
   6.1237929e-01  -2.9547939e-01
  -4.9245809e-01   2.9019585e-01
   6.0099972e-01   8.6387349e-01
   2.5941744e-01  -8.1335793e-01
  -5.3699687e-01   4.7755554e-01
  -2.3784648e-01  -8.8946528e-01
  -9.3596719e-02   5.1431694e-01
   1.1191162e-03  -7.3021290e-02
   8.1143090e-02  -9.0999110e-01
  -3.0970968e-01   6.8405901e-01
  -4.1713994e-01  -6.7057688e-01
   4.0705718e-01  -7.6985213e-01
   8.6815683e-01  -4.5687826e-01
   1.8834951e-01  -3.7122743e-01
   1.8618155e-01   2.1217925e-01
   4.7746207e-01   3.5493341e-01
  -2.5471363e-01   9.7528451e-01
  -9.3459249e-02   9.8652150e-01
   1.8751129e-02   5.1507268e-01
   8.5742167e-01  -4.4988079e-01
  -9.8424387e-02   9.0802749e-01
   2.7486974e-01  -1.7783525e-01
  -8.1272284e-02  -5.6675343e-01
   1.0754892e-01   2.5826016e-01
  -9.1753468e-01  -9.7026193e-01
   6.0440436e-01  -9.1340043e-01
   3.4302327e-01  -6.3947573e-01
  -5.9934481e-01  -5.9906981e-01
  -9.7082725e-01   4.3871513e-01
   5.2633205e-01  -1.1426488e-01
   1.3502352e-01   6.9098526e-01
   3.0842760e-01  -2.2041980e-01
   2.6948078e-01   6.7510440e-01
   4.6866040e-01   4.9683731e-01
   7.7465316e-01   1.6772209e-01
   3.3181802e-01  -6.7885280e-01
  -7.5865080e-01   5.7680372e-02
   4.2747118e-01  -7.4658191e-02
  -1.0554564e-01  -2.4091231e-01
   2.8196471e-01  -8.1354003e-01
   2.9779226e-01  -4.8170910e-01
   3.5675079e-01  -3.2832671e-01
  -8.8234472e-01  -2.4977557e-01
  -5.5209347e-01  -7.0748069e-01
  -6.6403685e-01  -3.6646024e-01
   8.5705881e-01  -4.3754919e-01
   3.0461982e-02   6.4024725e-01
   3.4672703e-01  -3.1582068e-01
   3.3560045e-01   7.4400429e-01
  -8.3707715e-01  -4.6394102e-01
  -5.4985306e-01   5.5086353e-01
  -4.3162158e-01   2.1841799e-01
   8.2752745e-01  -9.6406232e-01
  -5.4179687e-01   4.0302289e-01
  -5.0275918e-01  -9.6849539e-01
   3.5258151e-01   3.6778625e-01
   2.9698132e-01   7.5580327e-01
   4.0735371e-01  -1.3638787e-01
   6.7420656e-01   2.6268583e-01
   4.5459141e-01   1.7208149e-01
  -9.6113122e-01  -5.4517752e-01
   1.6749296e-01   5.6930936e-01
   8.4175365e-01  -4.2472741e-01
  -8.1664399e-01   8.4875121e-01
   1.0912122e-01  -4.0304972e-01
   8.6160559e-01   7.2606373e-02
  -6.0109411e-01  -3.3270503e-01
   5.0639169e-02  -5.2541208e-01
  -7.4652178e-01   9.0478453e-02
   4.9745456e-01  -7.8462875e-01
  -3.7066262e-01  -7.2568937e-01
  -6.2565174e-01  -8.1114504e-01
   9.6079025e-01  -3.7823277e-01
   4.2565427e-01   6.2527277e-01
   6.5129998e-01   2.7115370e-02
   3.6643964e-01   7.3295284e-01
   3.7880360e-01   9.6097441e-01
   6.1751764e-02  -3.4669472e-01
  -6.2229260e-01  -5.6076625e-01
  -1.3968586e-02   3.6447482e-02
   1.1907973e-01  -2.9398830e-01
   6.5656054e-01   7.1895429e-01
  -5.9426279e-01  -4.7995869e-01
   5.5492439e-02   6.8744206e-01
   6.1562242e-01   1.6560311e-01
  -2.8979108e-01   4.3881107e-01
   9.5510069e-02  -3.1295245e-01
   4.3487568e-01  -9.8145216e-01
  -5.9497527e-01  -6.1510704e-01
   2.8751380e-01   1.4775566e-02
  -9.9982197e-01  -9.5151632e-01
   2.6353960e-02   1.0008288e-01
   1.3965803e-01  -4.4763180e-01
  -9.8592660e-01   3.9248242e-01
