  -5.5853944e-01   8.7934319e-01
   6.3509341e-01  -9.9947829e-01
  -2.4354189e-01  -1.2238997e-01
   3.3103044e-01  -9.7766446e-01
   8.7162658e-01  -5.3096899e-01
  -1.4703776e-01   4.1396841e-01
   2.1032007e-01   3.8832873e-01
   9.3916886e-01  -4.6975832e-01
  -2.7069810e-01  -3.4685276e-01
   3.2889516e-01  -8.1353213e-01
  -3.7048983e-01  -9.1680129e-01
   7.7143168e-01   5.1856030e-01
  -4.0891054e-01  -3.5025101e-01
  -4.0926784e-01   4.3643625e-02
   8.1416413e-01   9.0377576e-01
  -1.4230825e-02   3.3795683e-01
  -5.8572070e-01  -5.3756758e-02
  -9.4836150e-01   2.9874432e-01
  -6.5958213e-01   3.3127183e-01
  -3.9531890e-01  -5.3970512e-01
   9.2287922e-01   6.0977935e-01
   5.6731487e-01   5.5700910e-03
   3.4651292e-01  -1.3194057e-01
   6.8144453e-01   4.1806717e-01
  -1.5829144e-01   1.1052797e-01
   4.0747470e-01  -4.8999242e-01
  -3.7426761e-02  -8.4959886e-01
   6.4115197e-01   1.7820476e-01
  -1.2521959e-01   3.4848414e-01
   7.1994769e-01   1.7602683e-01
  -9.8220553e-01   6.7404515e-02
   9.9206224e-01  -5.4767258e-02
  -4.4959788e-01  -3.5237761e-01
  -9.3296718e-01  -1.3802782e-01
  -6.9580009e-01   5.2979560e-01
  -4.0807691e-02   9.9292535e-01
   7.7768468e-01  -4.6996343e-01
  -4.3316178e-01   5.8413400e-01
   5.6825405e-01  -7.3078148e-01
  -6.5921500e-01  -9.2892770e-01
   4.6258710e-01  -9.2107022e-02
  -5.0675633e-01   1.2595413e-01
  -8.3631815e-01  -5.3823441e-01
   7.0581749e-01  -7.1047515e-01
   3.7310432e-01   3.5419166e-01
   9.1622124e-01  -2.9185898e-01
   9.7011121e-01   2.0944614e-02
   6.9445237e-02   3.8941330e-01
   8.1196090e-01   1.9058590e-01
  -4.6702759e-02   1.2221510e-02
   7.7934250e-01   5.5279851e-01
  -9.5230048e-01   3.7040549e-01
  -7.4255033e-01  -3.6101272e-01
   4.8128041e-01   6.6428576e-01
  -2.1795959e-01   3.2164312e-01
  -2.1274308e-01   1.7413644e-01
   2.0369669e-01  -9.6184314e-01
  -9.5222905e-01   6.7390006e-01
  -2.2465803e-01  -7.7200427e-01
  -8.8650774e-01   6.8084089e-01
   3.7914113e-01  -3.2500655e-01
   4.0781812e-02  -1.4112874e-01
  -8.4782708e-01   5.8755734e-01
  -1.8748051e-01  -7.1686504e-01
  -1.3957425e-01   2.1620369e-01
   3.1862455e-01   8.6125764e-01
  -5.6321765e-01   2.7288752e-01
  -8.3782268e-01  -9.0445869e-01
  -6.4656656e-02   3.9669225e-01
   4.5734343e-01  -4.8578094e-01
   2.2796767e-01   3.8180301e-01
   8.0119549e-01  -2.7364046e-01
  -4.9444128e-01   8.3768455e-02
  -5.5980936e-01  -5.5571617e-01
  -5.2839002e-01   8.1097466e-01
   6.2025902e-01  -2.5291767e-01
   4.0481810e-01  -8.4236701e-01
   7.5700972e-01  -9.3814013e-01
   4.2202246e-01   2.5380161e-01
   3.2216048e-01   8.7399327e-01
  -1.2084513e-01  -3.6012941e-01
   1.2558720e-01   4.9034946e-01
   9.8062265e-01  -4.2214319e-01
   9.1463082e-01  -7.5129191e-01
  -3.2636347e-01   2.8161987e-02
  -6.8908841e-01  -2.2497626e-01
  -1.6584176e-01   9.5721953e-01
   1.0895403e-01  -4.1636452e-01
  -9.4049576e-01   1.8468513e-01
   7.3341254e-01   1.4271289e-01
   7.8882849e-01   2.3171198e-01
  -5.6192314e-03   1.2182852e-01
  -5.8142599e-01  -4.4028121e-01
   4.4319426e-01  -6.9630073e-01
   3.9943221e-01   4.6602501e-01
  -7.8505538e-02  -9.2060296e-01
  -6.5881391e-01   6.0324461e-01
   5.8874290e-01  -1.8716622e-01
   7.7699928e-01   6.6002288e-01
  -7.1497096e-01   9.4207097e-01
