  -6.7585056e-01
   6.4159241e-01
  -4.7867537e-01
   3.6334423e-01
   1.3199945e+00
  -2.6826639e-01
   3.8645671e-01
   1.4392884e+00
  -5.0295904e-01
   4.4375727e-01
  -4.4054174e-01
   1.2110179e+00
  -7.4693936e-01
  -7.9511763e-01
   8.9970216e-01
  -2.6850784e-02
  -1.1040031e+00
  -1.5529497e+00
  -1.1589383e+00
  -6.6072829e-01
   1.3072821e+00
   1.0747223e+00
   6.7333648e-01
   1.1513287e+00
  -3.1333874e-01
   6.9932583e-01
  -4.9413080e-02
   1.1772938e+00
  -2.3477098e-01
   1.2983133e+00
  -1.6596704e+00
   1.6718011e+00
  -8.1579822e-01
  -1.5914989e+00
  -1.1062507e+00
  -4.4569365e-02
   1.2511281e+00
  -7.0029025e-01
   8.0148691e-01
  -7.3339502e-01
   8.8874629e-01
  -9.6299805e-01
  -1.2744949e+00
   9.8343039e-01
   6.8376377e-01
   1.5195165e+00
   1.6495353e+00
   1.2838876e-01
   1.4249980e+00
  -9.3364594e-02
   1.1962679e+00
  -1.5189912e+00
  -1.2651658e+00
   7.2895825e-01
  -4.1029733e-01
  -4.1589746e-01
   2.3142456e-01
  -1.2732189e+00
  -3.1923994e-01
  -1.2042141e+00
   7.0149260e-01
   8.0730325e-02
  -1.2481870e+00
  -2.8101853e-01
  -2.7176523e-01
   4.0816850e-01
  -1.0283064e+00
  -9.1874574e-01
  -1.1918828e-01
   7.8096320e-01
   4.1945019e-01
   1.3829344e+00
  -9.4575186e-01
  -9.0223518e-01
  -6.9450030e-01
   1.1255089e+00
   5.2437271e-01
   8.1213645e-01
   7.9296904e-01
   4.0638963e-01
  -2.2563601e-01
   2.2099610e-01
   1.5158134e+00
   1.1580925e+00
  -6.4094691e-01
  -1.2396209e+00
  -1.9010764e-01
   1.9889709e-01
  -1.5882244e+00
   1.3252067e+00
   1.3811317e+00
  -1.1155105e-02
  -9.9367688e-01
   6.5800984e-01
   6.9484816e-01
  -9.4947537e-02
  -1.0082586e+00
   1.0912354e+00
   1.1077754e+00
  -7.7113021e-01
