   2.1979971e+00   8.1175908e-01
   3.8495405e+00   9.9246274e-01
   9.8244113e-01   1.7669602e+00
   1.0427295e+00   1.5431834e+00
   2.7387466e+00   1.9972567e+00
   3.0346889e+00   6.8078711e-01
   1.6851610e+00   9.3073022e-01
   3.9114949e+00   2.6731750e+00
   4.3028166e-01   3.2144252e+00
   1.5145120e+00   1.6777308e+00
   2.7085496e+00   1.4344089e+00
   4.4559628e-01   3.6212602e+00
   8.0180145e-01   2.9802558e+00
   1.1833356e+00   1.8048026e+00
   3.4796300e+00   9.8954316e-01
   3.6835696e+00   4.9086168e-01
   3.2814816e-01   3.7926668e+00
   1.2108718e+00   1.8562941e+00
   2.5559999e+00   2.5057336e+00
   3.9427003e+00   2.2001135e+00
   3.9234514e+00   3.6145617e+00
   2.5910202e+00   9.8758084e-01
   3.8087765e+00   6.4595633e-01
   1.6829148e+00   5.0925670e-01
   1.1419919e+00   4.7625601e-01
   2.4022782e+00   2.8260625e+00
   2.3723007e+00   2.0593690e+00
   1.3400793e+00   3.7299522e+00
   3.5271367e+00   1.8220431e+00
   3.4288554e+00   3.5190213e+00
   2.6975212e+00   2.9270007e+00
   2.9775736e+00   3.7867569e+00
   1.2869389e+00   2.0766337e+00
   7.5136680e-01   1.9080614e+00
   8.5815516e-01   2.1946684e+00
   2.7712519e+00   2.2406129e+00
   1.5452372e+00   2.0354888e+00
   2.5854354e+00   3.8466085e+00
   3.1687048e+00   3.4675640e+00
   3.0118642e+00   1.4304763e+00
   3.0242492e+00   2.9651929e+00
   5.2163239e-01   3.4620876e+00
   1.1400873e+00   1.4384550e+00
   2.0252340e+00   8.8017022e-01
   3.6261443e+00   5.8529437e-01
   2.3136904e+00   3.0679377e+00
   5.1140677e-01   2.2765877e+00
   3.2396228e+00   1.9795012e+00
   3.1669417e+00   3.2319795e+00
   2.1833785e+00   1.1094737e+00
   3.9528166e-01   1.4340860e+00
   3.9094519e+00   3.0066887e+00
   1.1967632e+00   2.0017261e+00
   3.6337436e+00   1.7986587e+00
   1.9590200e+00   1.2312355e+00
   5.3233753e-01   2.4502355e+00
   6.6725877e-01   3.2908115e+00
   1.6634432e+00   4.8660466e-01
   2.2000633e+00   8.5036163e-01
   1.7062641e+00   2.1182171e+00
   3.0627744e-01   3.5992702e+00
   2.9550343e+00   1.4581756e+00
   1.5767811e+00   1.3464568e+00
   2.7286312e+00   5.3943480e-01
   9.2653948e-01   5.2390588e-01
   2.5982581e+00   2.4426205e+00
   1.8710617e+00   3.3967631e+00
   2.8052088e+00   1.5853557e+00
   9.6159769e-01   1.5891869e+00
   3.5835859e+00   4.5364962e-01
   8.9175796e-01   1.7478780e+00
   6.6202853e-01   3.5053341e+00
   3.1173240e+00   3.9345994e-01
   3.6080818e+00   9.3409949e-01
   1.2165908e+00   3.3744319e+00
   2.5097631e+00   3.4747416e-01
   5.8348400e-01   2.0267517e+00
   1.2862259e+00   3.3770070e+00
   3.4314139e+00   3.6309833e+00
   2.8310087e+00   2.1760968e+00
   2.1034518e+00   3.4032993e+00
   1.6200987e+00   2.4003301e+00
   1.0893378e+00   3.1636563e+00
   1.1467019e+00   1.4570676e+00
   3.1296936e+00   6.9809211e-01
   1.7657311e+00   2.8699550e+00
   3.3438392e+00   3.0444796e+00
   2.2426033e+00   1.7686433e+00
   6.8013409e-01   1.5823672e+00
   4.7901540e-01   5.0112816e-01
   3.7738583e+00   1.6870057e+00
   2.5745209e+00   1.6573675e+00
   3.9700202e+00   1.3514396e+00
   2.0640781e+00   3.6832381e+00
   3.9358330e+00   2.7425415e+00
   2.4166466e+00   1.8744748e+00
   1.1602388e+00   2.6128711e+00
   7.3296396e-01   2.5204521e+00
   7.8239269e-01   3.9278814e+00
   3.0447492e+00   3.1280245e+00
