   5.8780053e-02
   8.5687433e-05
   5.7541270e-01
   4.7183964e-01
   3.3483635e-02
   3.5310744e-03
   1.7073869e-01
   1.6930510e-04
   4.2260886e-01
   4.0904425e-01
   2.3112981e-02
   2.9927395e-01
   6.7205944e-01
   5.7443534e-01
   6.1368890e-04
   1.4234948e-04
   2.2178631e-01
   5.9250037e-01
   7.4015217e-02
   1.3448280e-04
   7.9521194e-05
   2.2811169e-02
   8.0811118e-05
   1.2149261e-01
   1.8506899e-01
   1.0714250e-01
   1.0909915e-01
   3.2836523e-01
   1.0148525e-03
   1.2246478e-03
   4.0544770e-02
   7.0120206e-03
   6.6773367e-01
   6.0633307e-01
   7.5785675e-01
   3.4245243e-02
   5.2468480e-01
   2.6872297e-02
   4.2437854e-03
   7.4510091e-03
   1.1728820e-02
   3.7422593e-01
   4.2140882e-01
   9.1413491e-02
   2.0780171e-04
   1.1693103e-01
   6.3015003e-01
   4.5084679e-03
   5.2627515e-03
   7.8665122e-02
   2.9694799e-01
   1.4466257e-04
   6.6425428e-01
   5.7425027e-04
   1.4187348e-01
   6.6825104e-01
   4.9041345e-01
   1.2256656e-01
   6.0411433e-02
   4.5123523e-01
   2.5660649e-01
   9.5740468e-03
   2.8332595e-01
   9.9884200e-03
   1.9483413e-01
   6.4603258e-02
   2.3363727e-01
   1.8872527e-02
   4.9198657e-01
   2.3427695e-04
   5.5975478e-01
   4.0351873e-01
   2.0042135e-03
   3.0433618e-04
   4.8567474e-01
   1.7545128e-02
   5.9041470e-01
   4.6788966e-01
   1.0920720e-03
   2.6816726e-02
   1.4679825e-01
   5.6265517e-01
   6.0474674e-01
   4.2781182e-01
   2.4108023e-03
   4.1616530e-01
   2.7485458e-03
   1.2306991e-01
   4.4207825e-01
   1.4672200e-01
   2.4472340e-04
   4.3882714e-02
   5.8589329e-05
   1.2396032e-01
   1.4348282e-04
   8.4464207e-02
   8.0367635e-01
   7.7570862e-01
   2.9447245e-01
   9.5854786e-03
