   6.9501339e-01
   7.4406115e-01
   2.0754920e-01
   1.0596336e-01
   9.8505664e-01
  -3.3732741e-01
  -1.6212581e-01
  -8.5419148e-01
   9.8407981e-01
   1.4635694e-01
  -5.1184055e-01
   5.3722647e-01
  -1.1913924e+00
  -1.2299751e+00
   3.2428333e-01
   4.8937820e-01
   2.3986500e-01
   1.4605617e+00
   5.3678997e-01
   7.2672499e-02
  -5.9650483e-01
  -1.5634586e+00
   8.6888949e-01
  -1.1108924e+00
  -7.2942810e-01
  -5.3367879e-01
   1.4116761e-01
   1.4150803e-01
   6.4312120e-01
   1.3130221e+00
   5.9972461e-01
   1.5174634e+00
  -8.9233986e-01
   1.4771220e+00
  -1.5662640e+00
  -9.5620901e-01
  -1.6577853e+00
   6.2743449e-01
   1.1247442e+00
   2.2174444e-01
  -9.5090298e-01
   8.6481977e-03
   2.6943702e-01
  -8.3548123e-01
  -6.3396726e-01
   6.7175051e-01
   1.7352960e-01
  -1.3113829e+00
  -4.7177008e-01
  -3.4262747e-01
   2.5755774e-01
  -1.6374543e+00
   3.0596368e-01
   1.5029461e+00
  -1.2792096e+00
   5.8856706e-01
   1.5873455e+00
   3.2373175e-01
   8.4621271e-01
  -7.3317182e-01
  -1.5124179e-01
  -1.5354010e+00
  -4.1085920e-01
  -4.5099369e-01
  -6.8389943e-01
   7.2826908e-01
  -1.9634195e-01
   1.1468039e+00
   1.0748465e+00
  -6.5128027e-01
  -8.9947491e-01
  -1.2600763e+00
   3.4306990e-01
  -1.8852119e-01
   1.4436332e+00
  -2.6761917e-01
  -8.3466081e-01
   1.5038525e-01
   1.4843031e+00
   6.2153700e-01
  -4.1513305e-01
  -8.6858470e-01
   1.2789096e+00
   9.5818997e-01
  -4.6663164e-01
  -1.4445176e+00
  -8.3563584e-01
   3.0058754e-01
  -1.0323406e+00
  -5.9269884e-01
  -1.5252380e-01
  -3.9746559e-01
  -6.7378583e-01
  -1.4706686e-01
  -6.7436072e-01
  -1.5380707e+00
   5.7874913e-01
  -9.5862033e-01
   1.1357148e+00
  -3.6239368e-01
