   3.7824942e-01  -3.4521624e-01
   4.3576280e-01   4.9202946e-01
   1.1805824e-01   4.9270384e-01
   6.6708416e-02  -6.5209007e-01
   7.5144801e-01  -7.6491040e-01
  -2.1380281e-01  -6.5192495e-01
  -8.3866124e-02   2.5481833e-01
  -5.8350959e-01   6.8378051e-01
   5.1454633e-01   2.0165710e-02
   9.3384056e-02  -6.6847251e-01
  -2.8522361e-01   4.2861056e-01
   4.0199558e-01   8.1407459e-01
  -7.8155501e-01  -5.6292452e-01
  -9.8677847e-01   7.4192290e-01
   1.9460416e-01  -5.7632811e-01
   3.1835213e-01   6.7332988e-01
   1.6001286e-01   7.1860338e-01
   8.1990322e-01   4.6754946e-02
   2.7201230e-01  -4.5274411e-02
   5.1122502e-02   7.7976627e-01
  -4.8075384e-01  -8.6984760e-01
  -8.9765827e-01   1.8912250e-02
   4.6390026e-01   2.4159589e-01
  -6.7141722e-01   4.6713488e-01
  -4.3920599e-01  -5.4000754e-01
  -4.8114510e-01  -9.5625625e-01
   9.4191919e-02  -7.2202222e-01
   8.2536935e-02   5.3901489e-01
   5.7622637e-01   9.3953036e-01
   7.3921111e-01  -2.2641117e-01
   5.7508106e-01   9.8685558e-01
   9.3885571e-01  -3.4721306e-01
  -6.3906378e-01  -7.2567793e-01
   8.6119793e-01  -2.3049274e-01
  -9.0969625e-01   1.2527167e-01
  -5.1870823e-01   2.6767085e-01
  -9.8228994e-01   8.3212770e-02
   3.4318707e-01  -3.7001315e-01
   8.0962646e-01  -6.8134655e-01
   1.4483262e-01  -6.9476753e-01
  -6.8907742e-01  -7.2609845e-01
   4.7348675e-03   4.1960623e-01
   1.3546576e-01  -7.0271068e-02
  -6.2345645e-01  -7.7345763e-01
  -3.5160707e-01   4.0175770e-01
   4.3207469e-01  -6.4002773e-01
   1.0585742e-01   6.0733616e-01
  -7.1543652e-01   2.7912210e-02
  -2.3927288e-01   9.6876724e-02
  -2.0686151e-01  -5.8431048e-01
   1.5348339e-01   5.6917775e-01
  -9.6119699e-01   5.2979265e-02
   1.5516012e-01   1.4204673e-01
   8.6439219e-01  -1.5591848e-01
  -7.8625444e-01   4.4231262e-01
   4.6429952e-01  -8.5372338e-01
   9.4104557e-01   1.8972384e-01
   2.1777108e-01   7.2395473e-01
   4.3933122e-01  -1.0239788e-01
  -3.9449535e-01   3.0515478e-01
  -8.1955212e-02  -3.9305376e-01
  -9.0394277e-01   2.1487990e-01
  -2.2929579e-01  -4.4219538e-01
  -2.7656724e-01   5.9912468e-01
  -4.2483189e-01   5.9233824e-01
   6.3342547e-01   9.0817381e-01
  -9.8943810e-02  -1.1132367e-01
   6.1326504e-01  -8.6234375e-02
   5.8034587e-01   1.9963428e-01
  -4.3408425e-01   6.8524366e-01
  -8.6338152e-01  -9.3759909e-01
  -8.9013854e-01  -6.2545972e-01
   2.7504528e-01   8.8718880e-01
  -1.5142884e-01   8.9584428e-01
   8.1106270e-01  -9.4031218e-02
  -1.6535823e-01   6.2166510e-01
  -6.9188334e-01   8.5775840e-01
   7.9998528e-02   3.4543456e-01
   8.7418274e-01  -2.5533544e-01
   3.2191013e-01  -1.8860862e-01
  -2.1068512e-01  -1.2235216e-01
  -4.8201892e-01   3.5729840e-01
   6.9582432e-01  -6.9859343e-02
   8.9011215e-01   9.0652834e-01
  -2.4600033e-01  -2.9060404e-01
  -8.6543963e-01  -3.2195828e-01
  -6.3683646e-01   7.9172009e-01
   1.5149523e-01   9.0868517e-02
  -6.2822994e-01   4.9856743e-01
  -4.1710329e-01  -7.5024560e-01
  -7.6671786e-02  -9.3530364e-02
  -3.0604512e-01  -8.5050112e-01
  -3.6366857e-01   3.2668123e-01
  -8.0170841e-02   4.0730328e-01
  -5.2821016e-01   8.3790114e-01
  -9.4449592e-01   3.2014382e-01
   3.1690691e-01   3.8020984e-01
  -6.8239287e-01   7.0744722e-01
   6.0532520e-01  -6.4196555e-02
  -1.8284046e-01  -8.3042636e-02
