   4.1066185e-02
   1.3450197e+00
  -1.3787244e+00
   1.6435975e+00
  -1.4446058e+00
  -4.5486130e-01
   6.6626683e-01
   3.6340174e-01
  -1.3265280e-01
  -4.7610590e-01
  -1.3207973e+00
  -7.9051833e-01
  -1.1853465e+00
  -5.1833392e-01
  -1.3636005e+00
   1.1950937e+00
   1.4856505e+00
  -7.0449643e-01
   7.3394080e-01
  -1.3745415e+00
   4.3927517e-01
   5.0958603e-01
  -1.2432618e+00
  -1.2984646e+00
  -1.3111458e+00
   1.2977888e+00
  -6.7504687e-01
   1.2206098e-01
   6.8649487e-02
   2.2780756e-01
  -5.8418865e-01
  -3.2121003e-01
  -2.7475756e-01
   1.6382477e+00
  -1.4551926e+00
  -3.7168172e-01
   7.1503640e-01
   3.6700651e-01
  -7.2195008e-01
   1.4149762e+00
  -9.4517328e-01
  -5.8865037e-01
   1.2604040e+00
   6.1239083e-01
   5.9561029e-01
  -8.0532856e-02
  -1.2997542e+00
   1.5626709e+00
   1.3832711e+00
  -2.0171001e-01
   8.3200002e-01
  -6.8349056e-01
  -3.0909341e-01
   1.1027991e+00
  -1.4270273e+00
   1.5109419e+00
  -1.0021024e+00
  -7.2666994e-01
  -1.2393710e+00
  -2.2456390e-01
   1.0700459e+00
   1.2588442e+00
   8.3923893e-02
   8.6699323e-01
   2.4332102e-01
   9.4260585e-01
  -1.5623777e+00
  -9.2258214e-02
  -8.7864166e-01
  -7.2285733e-01
   1.5351675e+00
  -1.0629458e+00
   7.7493511e-02
  -5.7762081e-01
   1.6893765e-01
   1.6043181e+00
  -1.0977440e+00
   1.0543945e+00
  -1.2463283e+00
  -1.1682141e+00
   3.8614880e-01
  -9.2380658e-01
  -1.3146825e+00
   6.1954411e-01
  -1.6016828e+00
   1.1508226e+00
   1.3285887e-01
  -2.9688262e-01
   7.9658369e-01
   1.3138298e+00
  -4.6595803e-01
   7.1018656e-01
   4.0166664e-01
   9.4846119e-01
   2.4586110e-01
  -3.4849471e-01
   9.6108221e-01
  -7.5578164e-01
   7.9021643e-01
   1.5982176e+00
