   2.2668771e-02  -4.3737836e-01
   8.2828466e-01   4.2076195e-01
  -8.1613212e-01   3.2928413e-01
   9.8607435e-01  -1.7032893e-01
  -8.0713275e-01  -3.4601955e-03
  -3.7370501e-01   8.9824605e-01
   5.7075022e-01   9.0636335e-01
   2.0480052e-01   4.6584662e-01
  -6.8183293e-02  -2.3063999e-01
  -4.0373731e-01  -9.1983454e-01
  -7.3365443e-01   1.6586717e-01
  -4.0998209e-01   1.2942528e-01
  -6.6674583e-01  -2.8963477e-01
  -3.6579212e-01   7.6040164e-01
  -7.8032064e-01   2.4906027e-01
   6.6417592e-01   2.4803109e-01
   9.4318551e-01  -4.0851718e-01
  -5.6345746e-01  -8.5064015e-01
   4.1215526e-01  -4.1258801e-01
  -9.2197262e-01  -5.3052038e-01
   2.3259025e-01  -3.0820524e-01
   3.3872834e-01   6.9698072e-01
  -9.2559693e-01  -6.7927124e-01
  -9.9333088e-01  -6.8427125e-01
  -7.1507129e-01   1.7318539e-02
   7.2481092e-01   2.0660200e-01
  -4.4792517e-01  -6.7720606e-01
   6.3383074e-02   2.7090865e-01
   4.4442604e-02   6.8788115e-01
   1.3523543e-01   5.6453842e-01
  -3.3393489e-01  -4.7086729e-01
  -1.7316690e-01  -3.7060208e-01
  -1.7130369e-01  -6.3360886e-01
   9.6784357e-01  -1.0505345e-01
  -8.8452140e-01  -3.4664277e-01
  -2.0691423e-01  -4.4036742e-01
   5.8264116e-01   8.6352782e-01
   1.8837093e-01  -2.0061517e-01
  -3.8087381e-01  -2.4115369e-01
   8.0360581e-01   1.8569290e-01
  -8.1374602e-01  -8.6298663e-01
  -3.6194573e-01  -5.8952468e-01
   7.7392323e-01   4.4723656e-01
   3.1486335e-01   1.5029523e-01
   3.6903378e-01  -5.9953499e-01
  -5.2102750e-02   6.8696069e-01
  -7.1751168e-01  -1.5254000e-01
   9.0184976e-01   8.9501925e-02
   7.6525225e-01   5.5934768e-02
  -1.2512291e-01  -6.2978436e-01
   6.6991360e-01  -8.3662057e-01
  -3.4971320e-01  -7.1812754e-02
  -2.6472140e-01  -9.3889045e-01
   5.8967893e-01  -1.3003168e-01
  -8.0138257e-01   1.1572992e-01
   9.0356312e-01   2.7756426e-01
  -9.9705215e-01  -9.3156517e-01
  -4.0920830e-01   4.1980089e-01
  -9.0309090e-01  -6.6135210e-01
  -1.1451923e-01   1.8676495e-01
   5.7969274e-01   2.1612984e-01
   8.2704123e-01   5.4471917e-01
   6.6508720e-02  -8.8745277e-01
   6.0815289e-01   7.0945029e-01
   1.2532071e-01  -2.3143135e-01
   5.0175290e-01  -2.0076208e-01
  -9.8153929e-01  -3.4916503e-01
  -4.6430296e-02   1.1078022e-01
  -4.9934095e-01  -4.0915979e-01
  -3.8416348e-01  -2.6776000e-01
   9.3389821e-01  -3.0190334e-01
  -5.8239128e-01   2.6044811e-01
   4.0952506e-02   3.2888416e-01
  -5.4890774e-01   9.8419267e-01
   1.3439575e-01   8.8872252e-01
   9.9632705e-01  -2.9930428e-01
  -7.3626933e-01  -6.1400411e-01
   9.0935317e-01   8.3915228e-01
  -7.5224498e-01  -4.2261590e-01
  -6.2752359e-01   1.0171886e-01
   2.9300542e-01   8.3864831e-01
  -7.4366185e-01  -8.1990296e-01
  -8.3735899e-01  -4.8460740e-01
   3.1845411e-01  -1.4590408e-01
  -9.4520230e-01   1.5544658e-01
   9.7035960e-01   7.9904279e-01
   7.8661894e-02  -5.6354877e-01
  -2.5233017e-01   9.3406377e-01
   4.1346977e-01  -1.3203724e-01
   8.9482275e-01   5.6964485e-01
  -2.3544530e-01   5.0467689e-02
   3.8581711e-01  -3.3744629e-01
   2.0414262e-01  -1.3681271e-01
   5.5051542e-01   4.3580320e-01
   1.8366841e-01   8.3242416e-01
  -2.4764038e-01   7.8005597e-01
   7.0129840e-01  -7.3058788e-01
  -5.4852962e-01  -7.6017449e-01
   5.9391657e-01   7.8690484e-01
   9.9376201e-01   3.0617108e-01
