  -5.8981998e-01
  -3.8492141e-01
   1.1551539e+00
   4.4526654e-01
   1.4037223e+00
  -8.0027209e-01
   7.0106215e-01
   5.2824459e-01
  -5.9929678e-01
  -9.6598524e-02
  -3.7683333e-01
   3.8181396e-01
   9.7042498e-01
  -1.4024211e+00
   1.1735855e+00
   1.2358871e+00
  -5.7074719e-01
  -1.6687197e-01
   2.8784274e-01
   7.6859855e-01
   6.6022420e-01
   9.8323224e-01
  -4.3773891e-01
  -2.8037575e-01
   1.2961980e+00
   2.6769802e-01
   9.4694969e-01
  -5.4070964e-01
   4.1027013e-01
   3.5046509e-01
   9.7277990e-01
  -1.2323905e+00
   1.9863295e-03
   8.1585260e-02
  -9.2937198e-01
   1.2828494e+00
   1.3903863e+00
  -2.0089605e-01
   1.0568994e+00
  -1.0194787e+00
   4.1580600e-01
  -8.8959233e-01
  -1.3761949e-01
   7.2246719e-01
  -9.0331845e-01
  -7.4024743e-01
  -6.6608798e-02
  -6.0877298e-01
   1.0107564e+00
   1.1401521e+00
  -9.1789214e-01
  -5.6682649e-01
   7.2139924e-01
  -3.9536680e-01
   1.0685272e+00
   1.0528236e+00
   5.5947235e-01
   1.2697525e+00
  -3.7224206e-01
   3.8896137e-01
   1.0411638e+00
   1.9126433e-01
   1.5224693e+00
   7.8947977e-01
  -5.3563311e-02
   5.4693018e-01
   1.2865585e+00
  -6.9308087e-01
  -4.1293368e-01
   1.1252032e+00
  -2.4569333e-01
   6.0396658e-01
   1.1933877e+00
   1.5520703e+00
   5.7448126e-01
  -8.8410963e-01
  -1.5992671e+00
   2.8810048e-01
   1.7615858e-01
   1.3297388e+00
   8.0573696e-01
   4.3179369e-01
   7.8727061e-02
  -8.4775157e-01
   1.2244921e+00
   1.2329788e-01
  -1.3594844e+00
   6.8625675e-01
   6.7447210e-02
  -1.4460838e+00
   1.1120074e+00
  -5.3262390e-01
  -1.0190292e+00
  -1.3809133e+00
  -6.7181682e-01
  -9.5274652e-01
   4.9661766e-01
  -1.5152627e+00
  -8.6335783e-01
  -8.4329333e-01
