  -4.1907502e-01   7.6013252e-01
  -1.9489122e-01  -1.1133928e-01
   7.2411460e-01   5.1182824e-01
   2.2947910e-01   2.0659275e-01
   9.8237558e-01   5.6653187e-01
  -5.9260225e-01  -7.7213872e-01
   6.5441817e-01   9.5712777e-01
   3.5172324e-01   6.9719335e-01
  -5.0210106e-01  -8.9870700e-01
  -4.8428747e-02  -6.7596332e-02
  -2.0184955e-01  -3.4869345e-01
   1.9887650e-01   2.6041025e-01
   6.0104553e-01  -5.3940167e-01
  -7.8986246e-01   1.5976995e-01
   6.4288439e-01   2.0631264e-01
   6.8217266e-01   1.9975819e-01
  -2.9098751e-01  -1.0314424e-01
  -1.3986107e-01  -9.2915308e-01
   1.4447844e-01   2.7629670e-02
   4.0164946e-01  -1.8453968e-01
   4.8493951e-01  -7.8390793e-01
   5.1576830e-01  -8.0248742e-02
  -2.2174247e-01  -9.8234493e-02
  -1.4139503e-01   1.0228067e-01
   9.1268932e-01   6.1080863e-01
   1.4594273e-01   4.0170015e-01
   6.9944411e-01   7.4447101e-01
  -4.4730937e-01  -8.9561570e-01
   2.4464723e-01  -5.6063738e-01
   1.7672337e-01  -8.0715980e-02
   9.2693693e-01   9.1706719e-01
  -8.2819461e-01   5.8009071e-01
   9.9778321e-04  -9.6250782e-02
   4.3179353e-02  -3.3314363e-01
  -8.1966800e-01  -8.8180937e-01
   8.0933296e-01   4.8181061e-01
   7.6877788e-01   1.3589048e-02
  -1.2202067e-01  -6.0014917e-01
   5.6344523e-01  -1.4561290e-01
  -7.0306995e-01  -6.6261944e-01
   2.3963185e-01   5.0338918e-01
  -4.7875264e-01  -2.6329832e-01
  -1.0868758e-01   8.8363559e-01
   6.8799902e-01  -9.6565492e-01
  -6.0759016e-01   6.5811182e-01
  -3.9229675e-01   2.5318195e-01
  -3.3410865e-02   7.7493030e-02
  -3.2437591e-01   3.0101527e-01
   5.9697166e-01   4.5325906e-01
   9.7497515e-01  -8.1102287e-01
  -6.8190489e-01   7.5514787e-01
  -5.2624043e-01  -9.7127571e-01
   4.0447327e-01  -4.1139475e-01
  -2.4905667e-01  -6.4017024e-01
   9.4740981e-01   8.5258854e-01
   9.4461111e-01  -8.6363913e-01
   2.8739610e-01   1.6218646e-01
   7.2019775e-01   2.7430245e-01
  -1.9623320e-01   3.0253853e-01
   2.6386160e-01   7.2924403e-01
   9.7047328e-01  -8.8809494e-01
   1.1895481e-01   6.3371035e-01
   8.6718383e-01   5.7844933e-02
   4.4068641e-01   3.8870112e-01
  -3.1922966e-02  -5.7519021e-01
   2.7806219e-01   8.6559892e-02
   7.7527373e-01   4.0504054e-01
  -6.0252650e-01   9.1286911e-01
  -2.0926745e-01  -1.1091567e-01
   9.8435060e-01  -8.2920434e-01
  -1.9529677e-01  -8.8531970e-01
   3.1771296e-01   2.5890097e-01
   8.0269625e-01   5.9235813e-01
   9.9076355e-01   3.8238267e-01
   3.0632656e-01  -3.0938428e-01
  -7.8312714e-01   8.9363333e-01
  -9.2777194e-01   4.0380636e-02
   2.3618248e-01   9.0762605e-01
   1.3428872e-01  -8.5280873e-01
   9.2392932e-01  -5.8593610e-01
   4.9221094e-01   5.5005563e-01
   3.2503220e-01   8.2837564e-01
   4.6626637e-02   5.6510130e-01
  -4.8021144e-01  -4.0893161e-01
   9.2398753e-01  -6.9630856e-01
   8.0408075e-02   6.9582104e-01
  -9.3945967e-01   5.6970918e-01
   3.9262893e-01  -4.5833700e-01
   3.9432316e-02  -5.4437859e-01
  -8.8193889e-01  -3.5795357e-01
   7.8007247e-01   6.5912361e-01
  -3.3959551e-01   6.4436439e-01
  -5.4059760e-01   1.4136570e-01
  -7.7210272e-01   1.4365927e-01
  -3.7815457e-01  -4.2796346e-01
  -5.4313536e-01   3.9826712e-01
   3.0399433e-01   5.9251589e-01
  -8.6767975e-01  -1.1682189e-01
  -4.4913724e-01  -1.0756878e-01
  -4.3635952e-01  -6.8675183e-02
