  -8.3368821e-01  -1.2516305e-01
  -7.6524323e-02   4.9236988e-01
  -9.3922195e-01  -6.4179068e-02
   5.0640107e-01   7.2165470e-01
   4.0008534e-01  -6.6975975e-02
  -5.7097551e-01  -3.7910258e-03
   3.5980937e-01  -2.5138691e-02
   1.1458536e-01  -5.4106245e-01
   7.0135781e-01  -8.2889554e-01
   1.1713098e-01  -8.6523337e-01
   8.0354733e-01   7.7678187e-01
  -1.6096459e-01  -5.3366463e-01
  -2.8374329e-01   7.2319152e-01
  -2.2024965e-02   4.2347019e-01
  -4.8807572e-01   7.4562599e-01
   8.5833854e-01   8.7600401e-01
  -6.6486372e-02  -7.2062144e-01
  -4.9198430e-01  -2.1219971e-01
  -1.3756311e-01   9.6112566e-01
   4.0506002e-01   2.8958805e-01
  -1.9534026e-01   7.9281956e-01
  -6.3631984e-01  -3.5539189e-02
   7.1250223e-01  -9.7181385e-01
   1.6840245e-01   2.4576069e-01
  -2.5284243e-01  -5.3780927e-01
  -5.5661091e-01   5.4867926e-02
  -5.6201176e-01   4.4998392e-01
   4.4464886e-02   2.1483158e-01
  -1.3315457e-01   1.7673289e-01
   4.8260798e-01  -1.3313032e-01
  -8.5910074e-01  -5.1165421e-01
   6.9466687e-01  -1.4207929e-01
   3.5976047e-01  -9.7964509e-01
  -7.2669696e-01   2.1764290e-01
   7.1680438e-01   9.1595038e-01
  -6.0033175e-01  -8.0910695e-01
   2.1467984e-01  -9.2881887e-01
   8.6089967e-02   7.7247022e-01
  -6.7535062e-01  -5.0611727e-01
  -9.8869386e-01  -9.8216989e-01
   5.4297029e-01   6.2984054e-01
   5.2957511e-01  -7.1900113e-01
  -1.5786130e-01   7.5973288e-01
  -8.8637364e-01  -8.0924643e-01
   1.7149399e-01  -2.9487980e-01
  -6.5168951e-01   1.8684114e-01
   4.5722132e-01   1.7036328e-01
   6.8582100e-02   3.3536353e-01
  -4.9387142e-01   2.9605423e-01
   8.3411350e-01  -1.3326187e-01
   5.1638906e-01  -7.2048248e-01
   7.7406146e-01   5.0385902e-01
  -8.6240366e-01  -5.1642641e-01
  -6.3294361e-01   3.0091864e-01
   4.7414531e-01   7.1474812e-01
   3.9342971e-01  -8.3125906e-01
   5.5398581e-01   9.4417832e-01
   3.8068383e-03  -9.3708013e-01
  -1.4900634e-01   6.7080910e-01
   2.2247426e-01   6.7142670e-01
   7.1154378e-01  -9.0028500e-01
   3.4159422e-01   9.1772418e-02
   4.7184089e-02   8.8633968e-01
  -4.0236918e-01  -3.5705386e-01
   4.0793816e-01   6.1293361e-01
  -2.3677825e-01   2.0279751e-01
   1.3537000e-01   5.7924093e-01
   7.7572191e-01   5.9837007e-01
   6.8589858e-01  -9.0087047e-01
   7.9759711e-01  -4.3360273e-01
   8.7800618e-01   3.0691365e-01
   6.3087031e-01  -2.0689309e-02
  -9.9728434e-01   9.4570447e-01
  -9.9381860e-01   4.9697982e-01
  -8.2506237e-01   1.3568230e-01
  -4.7854530e-01  -4.0207167e-01
  -9.5440266e-01  -4.8778044e-01
  -1.5183036e-01   7.7312759e-01
  -3.1787006e-01  -1.0639827e-01
   8.2707867e-02   6.3197451e-01
   8.5233817e-01  -8.0332540e-01
  -4.0300111e-01   7.1918691e-01
  -3.2383041e-01  -9.4474198e-01
   7.1896021e-01   7.9831287e-01
  -3.1904338e-01   7.9987100e-01
  -7.2375919e-01   4.8212019e-02
   1.5597911e-02  -7.5960097e-01
   7.1331295e-01  -6.4441182e-01
  -2.3137276e-01   4.1221519e-01
   3.9138185e-01   6.6271951e-01
   2.5580836e-01  -9.3033236e-01
  -9.9223691e-02   5.1567742e-01
  -5.2764116e-02   9.1422436e-01
   8.9941271e-01  -3.1425897e-01
  -8.3300488e-01   2.7648742e-01
  -4.4034216e-01  -3.1398838e-01
  -1.0598538e-01  -5.6705721e-01
   1.7514253e-01   5.7240125e-01
   7.5526828e-01   4.4617992e-01
  -6.1798960e-02  -4.4232219e-01
