  -1.4692468e+00
  -1.3473718e-01
  -1.6108747e+00
   7.2824197e-01
   7.7724734e-01
  -1.0808984e+00
   7.0396914e-01
   1.9600684e-01
   8.7198599e-01
   1.5156297e-01
   1.0267168e+00
  -2.7596919e-01
  -4.1975744e-01
  -4.0155685e-02
  -6.8900720e-01
   9.6899154e-01
  -9.9841567e-02
  -9.2356077e-01
  -1.5704019e-01
   7.5533063e-01
  -2.7245462e-01
  -1.1877287e+00
   7.3714830e-01
   3.2514286e-01
  -4.2968620e-01
  -1.0550334e+00
  -9.5968524e-01
   8.6856854e-02
  -2.6138694e-01
   9.1996847e-01
  -1.3205564e+00
   1.2673588e+00
   3.9240714e-01
  -1.2974615e+00
   8.0024891e-01
  -7.7974823e-01
   2.5512192e-01
   1.2316109e-01
  -1.0935909e+00
  -9.2755867e-01
   8.3508258e-01
   7.6023951e-01
  -2.2795565e-01
  -1.0692704e+00
   3.2657733e-01
  -1.1919488e+00
   8.7013139e-01
   1.2942137e-01
  -9.0683051e-01
   1.4682680e+00
   7.4208378e-01
   1.2243441e+00
  -1.3207472e+00
  -1.1298810e+00
   6.8966901e-01
   5.1672573e-01
   6.1699698e-01
   4.5083780e-03
  -2.3257611e-01
   3.4549912e-01
   8.1153567e-01
   6.6715989e-01
   5.9642346e-02
  -7.3380294e-01
   6.4900124e-01
  -4.5952979e-01
   2.2588508e-01
   1.1571396e+00
   7.8655247e-01
   1.2988989e+00
   1.4670204e+00
   1.1794431e+00
  -9.8308927e-01
  -1.4734508e+00
  -1.4556774e+00
  -8.4753094e-01
  -1.4416129e+00
  -2.1650500e-01
  -6.2155323e-01
   1.3331566e-01
   1.0453941e+00
  -5.9010786e-01
  -3.7290008e-01
   9.1929857e-01
  -4.3711381e-01
  -1.3228734e+00
   2.2619511e-02
   1.0462326e+00
  -4.2021115e-01
   6.0143625e-01
   3.0240208e-01
  -1.7235791e-01
  -6.4385090e-02
   1.4892334e+00
  -1.4237052e+00
  -8.1081880e-01
  -1.7845969e-01
   2.9294752e-01
   1.2367532e+00
  -1.1163178e-01
