  -5.6847750e-01   2.5160666e-01
  -8.4252103e-01  -9.5063706e-01
   8.6611972e-01  -8.7591501e-01
   2.0574312e-01  -7.4077604e-01
  -2.4501565e-01  -9.8771855e-02
   3.2986288e-01   3.4467169e-01
   5.8438053e-01   7.1222167e-01
  -3.3301574e-01  -3.1091515e-03
   3.8531773e-01  -9.0243099e-01
  -5.9236865e-01  -3.7233528e-01
   9.1742719e-01   2.8326234e-01
   4.2366491e-01   5.7277329e-01
  -6.6618682e-01  -4.2169901e-01
  -1.1444565e-01  -4.2639786e-03
   2.6598714e-01   6.3686923e-01
   8.5993434e-01   1.9025659e-01
   5.8661939e-02   7.2849218e-02
   2.5294885e-01  -3.3825372e-01
   3.6163785e-01  -1.7661955e-01
   8.4639505e-01   5.8801248e-01
  -6.9433172e-01  -3.1358356e-01
  -1.8855841e-01  -7.4786528e-02
  -3.7504800e-01  -2.6435266e-01
   3.8779792e-01   3.5914124e-01
   7.8137575e-01   1.3555806e-01
  -1.8658067e-02   3.0355369e-01
   6.1164702e-01  -1.7772503e-02
  -3.4712218e-01  -2.0308353e-01
   9.9758290e-02  -4.5031582e-02
  -2.2243133e-01  -8.6682475e-01
   7.9365801e-01  -1.7794303e-01
   3.5224016e-01   9.3818392e-01
   6.5679390e-01   5.6144206e-01
  -7.7982230e-01   4.5803578e-01
  -4.4154533e-01   5.3130123e-01
   5.3527233e-01   5.1316161e-01
  -5.6788681e-01   6.8654063e-01
  -9.3187574e-01   5.4031370e-01
  -1.2689620e-01   9.5732186e-01
   8.7372742e-01  -7.7728111e-01
  -4.7582207e-01  -2.0784612e-01
   1.3949100e-01  -1.5878698e-02
  -2.8089391e-01  -4.8381076e-01
  -9.4632274e-01  -9.2606756e-01
   8.3838452e-04   9.4876265e-01
   6.5402982e-01   4.5285196e-01
  -4.8203516e-01  -7.0407034e-01
  -9.0822999e-01  -7.0421089e-01
  -5.0705679e-01   4.0964820e-01
   3.2146429e-01  -2.3801296e-01
  -3.4118062e-01  -8.4717711e-01
   3.1899250e-01  -1.7831931e-01
  -9.7399175e-01  -7.1401889e-01
   4.3613571e-01   5.9784024e-01
  -2.1776238e-01   8.6049633e-01
  -9.3298948e-01  -9.9056104e-01
  -1.8796919e-01   3.0008116e-01
   4.3261527e-01   3.5706492e-01
   8.4267283e-01  -4.9275432e-01
   9.6803149e-01   6.8636183e-01
   9.6684175e-01  -4.1208245e-01
   7.9261219e-01  -9.4627923e-01
   7.3140642e-01  -8.1338567e-01
   6.0192194e-01   5.9576994e-01
   1.0995770e-01   4.2280525e-01
  -1.6225570e-01   5.6681357e-01
  -7.4575499e-01   2.4784529e-01
   3.0924149e-01   6.5083092e-01
   7.2792982e-01  -9.2995483e-01
  -4.5080313e-01  -1.8905006e-01
   6.8032787e-01  -5.0066249e-01
  -8.5848951e-01  -3.8206317e-02
  -2.4241585e-01   7.6167825e-01
  -4.6366113e-01  -4.3863036e-01
  -6.9415764e-01   1.9828502e-01
   2.6199916e-01  -9.4754772e-01
  -3.6725037e-01  -6.8960267e-01
   9.1822371e-01   6.6782174e-01
  -2.6520215e-03  -6.1021327e-01
   4.7721703e-01   6.5957607e-01
  -9.7448866e-01  -3.2385028e-01
   2.1070638e-01   3.4223310e-01
   1.5290264e-01  -8.9526736e-01
   6.1475764e-01   4.6861813e-01
   3.0993612e-01  -1.0364444e-03
   7.5645679e-01   8.8659987e-01
   8.0474585e-01  -4.2045517e-01
  -6.9553429e-01  -2.4687915e-01
  -6.1483983e-01  -7.7248928e-01
   5.8195130e-01   9.2970141e-01
  -8.7858979e-01  -1.3497687e-01
  -2.2034562e-01  -8.3087360e-01
  -4.0006829e-01   4.3335283e-01
   4.6835981e-01   1.3574759e-02
  -7.9158149e-01  -3.4382452e-01
   5.8515098e-01   5.0704828e-01
   5.6545789e-01   6.7201165e-01
   6.4795386e-02  -4.9256730e-01
  -4.9329532e-01   6.8850034e-02
  -8.5809083e-01  -1.2966953e-01
