  -1.0427980e+00
  -8.6747380e-01
   9.7557936e-01
   3.0151648e-01
  -4.8277845e-01
   6.0972562e-01
   8.3515052e-01
  -6.5378598e-01
   4.6583585e-01
  -1.0401425e+00
   1.5247937e+00
   6.9098474e-01
  -1.1277066e+00
  -2.2838990e-01
   4.2266157e-01
   1.4882516e+00
   1.1694560e-01
   4.7215843e-01
   6.9660508e-01
   1.2462306e+00
  -1.2173364e+00
  -3.7383822e-01
  -7.0718402e-01
   7.0804874e-01
   1.3955920e+00
  -3.5607985e-02
   1.1482519e+00
  -6.6640369e-01
   1.9898390e-01
  -2.8556901e-01
   1.4033321e+00
   4.0796654e-01
   1.0336991e+00
  -1.2613480e+00
  -7.3685609e-01
   8.8875186e-01
  -8.3199578e-01
  -1.3767750e+00
  -1.4571948e-01
   1.0930816e+00
  -8.9642125e-01
   2.7804310e-01
  -4.9079673e-01
  -9.7511802e-01
   9.7703497e-04
   1.0941313e+00
  -7.0669920e-01
  -1.2017397e+00
  -8.9085575e-01
   6.1409772e-01
  -4.4307804e-01
   6.1727438e-01
  -1.2501926e+00
   6.9833837e-01
  -2.8174965e-01
  -8.8088498e-01
  -3.5702750e-01
   7.8560664e-01
   1.3152496e+00
   1.2744677e+00
   1.5083877e+00
   8.3284227e-01
   9.1777445e-01
   9.3735220e-01
   2.0014609e-01
  -2.7256344e-01
  -1.3155861e+00
   4.8424798e-01
   7.9555665e-01
  -8.5585199e-01
   1.1036832e+00
  -1.5126077e+00
  -3.4743608e-01
  -8.0977742e-01
  -1.2544062e+00
   3.0235821e-01
  -5.5401413e-01
   1.2476771e+00
  -4.3467952e-03
   7.2593965e-01
  -1.5688070e+00
   3.9404311e-01
   1.9047893e-01
   1.0291638e+00
   6.0999528e-01
   8.6761434e-01
   1.3157756e+00
  -1.2427333e+00
  -8.2621980e-01
   6.5746806e-01
  -1.5256750e+00
  -2.9472909e-01
  -7.0695749e-01
   9.0276349e-01
  -1.3396502e+00
   9.6566521e-01
   8.3860684e-01
   1.1410536e-01
  -9.4481798e-01
  -1.5004874e+00
