   7.1543111e-01
  -1.5316508e+00
   6.3380282e-02
   5.4024670e-01
   7.1768360e-01
  -8.0503610e-01
   4.0817461e-01
   1.1030503e+00
   5.6385592e-01
   1.0787228e+00
  -2.6061980e-02
  -3.6883281e-01
   9.6164985e-01
   8.0037364e-01
   9.6857802e-01
  -1.5218270e+00
  -9.1916397e-01
   1.1022279e-01
   7.6399345e-01
  -9.0344703e-01
   1.0389247e+00
   5.0364274e-01
   7.5983065e-01
   1.3373942e+00
   6.5101366e-01
  -1.1060883e+00
  -1.5821258e+00
  -1.0696958e+00
   8.3721781e-01
  -1.1649642e+00
  -7.0704644e-01
  -1.5522211e-01
  -1.3561163e-01
  -1.4594391e+00
   2.6187911e-02
  -1.2420324e+00
  -1.1599565e+00
   5.4111465e-01
  -5.5499407e-01
  -5.1362378e-01
   1.0232632e+00
   1.6394244e+00
   1.0482099e+00
   2.5182423e-01
  -5.6950193e-01
  -4.8092157e-01
   5.3626028e-01
   2.9213044e-01
  -6.2865413e-01
   1.3198214e+00
  -6.4354705e-01
  -9.5325168e-01
  -5.6464458e-01
  -1.1022873e+00
   9.7123014e-01
   9.8103518e-01
   2.6938719e-01
  -1.3344574e+00
  -7.2312069e-01
   9.5199711e-01
  -4.2038371e-01
   7.1103663e-01
  -1.3139424e+00
   6.9144622e-01
  -1.1502293e+00
  -2.6708198e-01
  -6.3304994e-01
   9.6288824e-01
   1.1897215e+00
   5.0967620e-01
   1.0163307e+00
  -9.1613728e-01
  -1.5259307e+00
   4.7339687e-01
   9.7700610e-02
   5.1409811e-02
  -5.9273249e-01
   1.2465114e+00
   8.5763752e-01
  -1.5704512e+00
  -9.5547580e-02
   1.5454896e+00
  -1.6439677e-01
   7.3261489e-01
   1.0655782e-01
  -1.6834475e-01
  -1.6266807e+00
   1.7269099e-02
   7.5542989e-01
   1.4307965e+00
  -7.0562448e-01
  -9.9627803e-01
  -1.5638391e+00
  -5.6389495e-01
   6.6847506e-02
   9.6527072e-01
   5.6647923e-01
   1.0210734e+00
   8.9582245e-01
  -9.1219943e-01
