   6.3948081e-01   9.2803188e-01
  -9.3146469e-01  -3.0346810e-01
   3.2320642e-02   1.9697512e-01
   3.0666064e-01   4.6278341e-01
   5.0825453e-01   7.4163273e-01
  -4.4000605e-01  -3.3320113e-01
   2.0610212e-01  -7.3914575e-02
   7.7756146e-01  -6.6622658e-01
   2.8646821e-01  -6.7221407e-02
   5.7212671e-01  -8.7259089e-02
  -1.7717516e-02  -7.4435540e-01
  -1.9307919e-01   2.7986074e-01
   7.5488020e-01   7.9297645e-01
   4.1636585e-01  -1.4514408e-01
   6.5298321e-01  -6.4830793e-01
  -9.7865917e-01  -4.1020331e-01
  -8.0888572e-01  -8.8252337e-01
   8.6568505e-02  -8.7965424e-01
   7.1243489e-01  -9.4668022e-01
  -4.7128813e-01   1.0093481e-01
   5.5109452e-01   1.2610143e-01
   2.7584150e-01  -3.9080877e-01
   4.5011951e-01   5.0902157e-01
   7.8929522e-01   3.4220638e-01
   5.3597401e-01   8.7967651e-01
  -5.8630632e-01  -2.9690618e-02
  -9.1339168e-01   3.6175682e-02
  -6.9287289e-01   5.7840643e-01
   4.3662713e-01   1.4233649e-01
  -7.4271299e-01   5.3298969e-01
  -5.5842215e-01   8.4033220e-01
  -9.2881117e-02  -5.7938733e-01
  -6.9478296e-02   2.1622836e-01
  -8.2042748e-01  -6.8549591e-02
   1.3459290e-02   2.3339979e-01
  -8.4698180e-01  -5.9381575e-01
  -6.6695061e-01   3.5520105e-01
   4.9542008e-01  -9.6536888e-01
  -3.3086548e-01  -5.4678498e-01
  -3.8989196e-01   8.2893208e-01
   6.3775711e-01   5.3686807e-01
   9.6409789e-01   6.6625285e-02
   9.3794002e-01  -8.6323957e-01
   1.5324467e-01  -6.0083154e-01
  -5.3303402e-01  -9.7596474e-01
  -4.1580310e-01   9.3314383e-01
   3.4752866e-01   6.6440138e-01
   1.4747740e-01  -1.0938188e-01
  -6.0059550e-01   9.8099093e-01
   9.1639679e-01   5.8856877e-01
  -3.2769022e-01  -2.2777664e-02
  -7.0067179e-01  -7.3882149e-01
  -3.4323356e-01  -5.7551496e-01
  -7.7380665e-01   6.6222031e-01
   5.4382895e-01  -3.5242526e-01
   5.8512504e-01   4.7753543e-01
   1.7413756e-01  -6.8025448e-01
  -8.4161676e-01   4.6294143e-01
  -6.1419602e-01  -8.9261177e-01
   5.5081027e-01   4.2877905e-01
  -2.9321713e-01  -7.5652872e-01
   6.7789557e-01   9.6808948e-01
  -7.3222549e-01   1.8619639e-01
   3.9629588e-01  -4.6091359e-01
  -6.1931074e-01  -1.3599282e-01
  -2.0638621e-01   8.6102468e-01
  -3.2210535e-01   1.5770617e-02
   8.4538551e-01  -8.7180399e-01
   6.7680522e-01   3.1822263e-01
   2.5904811e-01  -1.0165596e-01
   7.3098130e-01  -7.0566300e-01
  -5.6742082e-01   5.5045618e-01
  -8.7020183e-01   6.2523514e-02
   3.5600107e-01  -8.2421161e-01
   7.0240380e-02   8.0092139e-01
   3.4698467e-02   7.3630237e-01
  -4.8856266e-01  -8.8740028e-01
   7.0565518e-01   2.8011251e-01
   6.4640212e-01   7.7852926e-01
  -9.6685558e-01  -3.0455361e-01
  -5.0579993e-02   3.3343901e-01
   8.8823714e-01  -9.1078514e-02
  -8.2758915e-02  -1.0624212e-01
   6.9994460e-01  -9.6593795e-01
   7.1104783e-02   7.2283531e-01
  -1.3179744e-01   8.7564424e-01
  -9.5113259e-01  -4.2451826e-02
   8.7195615e-03   1.3966299e-01
   7.5296791e-01   9.8559116e-01
   8.1649764e-01  -1.9173075e-01
  -4.2959303e-01  -5.6031736e-01
  -7.3459268e-01   7.3299317e-01
  -9.9973491e-01   3.7804614e-01
  -3.6407858e-01  -6.5706123e-01
   6.0216000e-02  -9.8195254e-01
   6.5835224e-01  -6.6184574e-01
   3.4716706e-01  -5.8722446e-01
   8.2602900e-01   8.0324438e-01
   5.1228385e-01   4.1827979e-01
  -6.6297515e-01  -7.3613990e-01
