   1.8372112e-01
   2.2034407e-01
   1.1818138e-03
   7.2318366e-04
   7.4770561e-01
   1.4460184e-03
   5.6618275e-03
   2.3536747e-02
   1.9603684e-01
   2.9432897e-01
   2.3209598e-01
   1.8380800e-01
   2.1024940e-01
   4.7482762e-01
   1.5826131e-04
   1.6068947e-02
   2.1854381e-02
   2.7278552e-01
   2.6418377e-03
   1.8982812e-01
   3.2121633e-01
   1.9590221e-02
   3.1533495e-04
   2.1653347e-01
   5.6935802e-03
   5.4621185e-04
   2.7792502e-01
   5.6967318e-01
   1.0504582e-04
   3.2534345e-02
   7.7238225e-04
   1.6313824e-03
   1.5311417e-02
   3.1297584e-04
   1.4658396e-02
   5.7229604e-01
   3.9285776e-01
   8.3209291e-01
   8.0335368e-01
   1.4847145e-01
   1.7181088e-01
   1.9096381e-01
   4.1856364e-02
   1.5939129e-01
   2.8694534e-01
   1.7578333e-01
   9.0087757e-04
   3.2247574e-01
   3.4083509e-02
   1.9140831e-01
   3.5002857e-04
   8.6394716e-02
   3.6566219e-04
   1.3667626e-01
   9.1005309e-03
   1.6227642e-03
   4.0472789e-02
   5.6519228e-02
   1.9007693e-01
   3.4564469e-01
   1.5355970e-01
   2.8544475e-01
   7.6707550e-01
   6.2998035e-04
   8.1870791e-01
   2.1942303e-01
   1.7062322e-01
   2.9954545e-04
   3.9914381e-03
   3.1462584e-01
   5.8459586e-02
   1.2474291e-01
   1.4426662e-01
   1.8444654e-01
   1.6925790e-01
   8.1563757e-04
   7.2213052e-01
   1.2210009e-04
   1.0549603e-01
   3.2238063e-03
   5.4837978e-01
   6.5269195e-01
   5.5408372e-04
   1.4367944e-02
   7.4321223e-03
   1.8169952e-01
   1.3603234e-02
   9.6765653e-02
   4.8235984e-05
   1.2349022e-01
   1.0643336e-01
   2.5815267e-01
   1.6722711e-03
   1.4668722e-02
   2.8750350e-01
   1.9243829e-02
   4.8555743e-01
   5.9380320e-01
   5.5540938e-01
   7.6496203e-01
