   1.7143726e+00   3.9378610e+00
   1.9501493e+00   3.3000181e+00
   3.5278248e+00   2.0307316e+00
   3.5746087e+00   1.7075182e+00
   1.0688153e+00   2.8620860e+00
   3.2446177e+00   6.8767391e-01
   2.8582909e+00   4.0505507e-01
   2.5946522e+00   1.0367768e+00
   1.7974542e+00   1.2749601e+00
   8.4042587e-01   3.9533189e+00
   4.7204149e-01   1.0645745e+00
   1.2090268e+00   4.9803293e-01
   9.4002263e-01   6.1872987e-01
   1.2625128e+00   1.6249099e+00
   3.8396919e+00   3.3880115e+00
   2.5530208e+00   4.0741586e-01
   2.5516676e+00   7.9140598e-01
   1.2271437e+00   9.8952275e-01
   3.2045048e+00   3.8168949e+00
   3.4175458e-01   3.9884846e+00
   7.5685191e-01   3.8169845e+00
   2.6813087e+00   3.8498227e+00
   3.6355195e+00   1.1389892e+00
   1.7254877e+00   1.2637568e+00
   3.1390688e+00   1.7195848e+00
   3.5860795e+00   3.5398021e+00
   5.8107244e-01   3.8486784e+00
   1.6046758e+00   2.6334791e+00
   3.8667854e+00   1.3309027e+00
   2.3747191e+00   6.4416036e-01
   3.4433546e+00   1.0484401e+00
   3.4515899e+00   3.0512338e+00
   2.9783408e+00   2.8222631e+00
   3.7999564e+00   2.2588922e+00
   2.8777391e+00   3.3985517e+00
   5.4868140e-01   2.0253001e+00
   1.3732120e+00   1.4927829e+00
   1.0295855e+00   2.4728449e+00
   8.8230849e-01   2.6663093e+00
   1.3956174e+00   3.6470297e-01
   1.2526679e+00   4.3592917e-01
   1.1004885e+00   5.0400859e-01
   2.2462960e+00   5.3673926e-01
   1.4872926e+00   5.6408151e-01
   1.3533213e+00   3.8696687e+00
   5.8301313e-01   6.0767813e-01
   3.5748332e+00   1.9844790e+00
   8.0910524e-01   3.8379235e+00
   2.7651317e+00   2.1819529e+00
   3.0469960e-01   1.0781412e+00
   3.5930873e+00   3.9942760e+00
   2.1438122e+00   3.8886692e+00
   3.7682936e+00   2.7906482e+00
   3.6274143e-01   5.8307071e-01
   2.8799054e+00   1.0832659e+00
   3.1797822e+00   4.6930367e-01
   2.7142073e+00   2.1711287e+00
   2.3408604e+00   3.8155902e+00
   2.2143724e+00   2.4369762e+00
   1.7983622e+00   1.9259514e+00
   2.3002762e+00   2.5274151e+00
   1.3125114e+00   1.0938218e+00
   8.7434527e-01   2.7884974e+00
   3.5651113e+00   1.4982745e+00
   9.9549079e-01   2.6463284e+00
   1.9124737e+00   1.6156486e+00
   1.6432986e+00   8.6455348e-01
   3.5597882e+00   6.1259709e-01
   3.2645974e+00   3.0335581e+00
   3.2202962e-01   3.3984281e+00
   2.4813229e+00   1.6596539e+00
   1.8050913e+00   7.7007792e-01
   4.1449247e-01   5.7131508e-01
   1.8998165e+00   3.6012041e+00
   1.8288848e+00   1.1687832e+00
   3.5761668e+00   3.1386403e+00
   1.1389738e+00   2.1021277e+00
   3.9063159e+00   3.2467829e+00
   2.1864402e+00   1.4418371e+00
   3.3396291e+00   2.1817957e+00
   1.0534502e+00   3.2863532e+00
   1.0101444e+00   3.0761585e+00
   3.5923361e+00   3.4884779e+00
   3.0102643e+00   2.3471922e+00
   3.0833659e+00   3.2438773e+00
   1.7944347e+00   3.8144839e+00
   2.9705973e+00   3.0595988e+00
   1.8422949e+00   5.2933707e-01
   3.9503852e+00   1.0043009e+00
   2.2944958e+00   3.0618673e+00
   1.8677174e+00   7.0413150e-01
   5.6261942e-01   3.9139325e+00
   3.4290965e+00   3.1613045e+00
   2.7326410e+00   3.9789063e+00
   1.6590265e+00   1.4739062e+00
   2.8889311e+00   3.0157043e+00
   1.3122347e+00   3.3174256e+00
   8.3631319e-01   1.8370240e+00
   1.4275743e+00   1.9525994e+00
   7.1408886e-01   2.4318547e+00
