   9.4114347e-01   6.1277324e-01
   1.3622658e-01  -1.9691959e-01
  -4.5205932e-01  -3.5721131e-01
  -7.4183328e-01  -2.4238787e-01
  -6.8961588e-01   4.3793898e-01
  -4.6237634e-01  -6.1387191e-01
  -1.3222112e-01  -2.0026438e-02
  -2.0819308e-01  -7.5845840e-01
  -1.4950702e-01  -7.2016022e-01
   2.2877854e-01   8.9439076e-01
  -1.0638920e-01   2.6188678e-01
  -9.7595332e-01  -1.2268864e-01
  -9.3145821e-01   4.1552325e-01
  -2.0245911e-01   5.9292755e-02
   9.5890016e-01   3.0485385e-01
   8.5537823e-02   5.5636855e-01
   8.2477409e-01   2.3603575e-01
  -3.5168196e-01   4.1747239e-03
  -4.1896696e-01  -2.9255062e-02
   7.5794769e-01  -7.7970071e-01
   5.5828838e-01   8.3309971e-01
  -2.1117579e-01  -1.3476281e-01
   7.6465193e-01  -1.4600348e-01
  -1.4866305e-01  -9.4142773e-01
  -6.7244035e-02   2.0852722e-02
  -1.5013763e-01   9.2740574e-01
  -8.9579916e-02  -4.4929944e-01
   3.9084911e-01   4.8682288e-01
  -8.0884354e-01  -7.6639490e-01
   4.6692063e-01   5.3866104e-01
  -7.3996496e-01   5.3143899e-01
  -6.9425719e-03   8.1532515e-02
  -4.8068303e-01  -6.6136350e-01
   1.8333335e-01   8.6024095e-01
  -5.4476364e-01  -5.8358297e-01
   9.1023542e-01  -9.6047871e-01
  -8.7398100e-01   2.0322238e-01
  -6.3350568e-01   2.1474213e-01
   2.4848397e-01  -6.2290202e-02
  -4.1718845e-01   1.9262717e-01
  -7.2562516e-01   4.4691742e-01
  -6.2213307e-01  -1.8377870e-01
   9.1323410e-01   1.9522770e-01
  -4.0677382e-01  -1.4858075e-01
  -5.2559425e-01  -7.5631678e-01
   3.2031506e-01  -3.0009334e-01
  -9.9140806e-01   9.3491214e-02
  -8.4366306e-01  -7.4580174e-01
  -3.8083127e-01  -8.3700684e-01
  -5.5205859e-01  -4.2108566e-01
   3.9057880e-01   3.5363245e-01
   4.0046379e-01  -8.5915567e-02
   7.0363057e-01  -1.5698297e-03
   1.1811919e-01  -8.8304351e-01
   1.4066477e-01  -8.5278774e-01
   6.1840653e-02  -3.2424644e-01
   7.1777269e-01  -3.2785769e-01
  -1.0730832e-01   9.6991933e-01
  -2.3323753e-01   5.0332784e-01
   1.9071747e-01   2.9306204e-01
  -3.8992005e-01   7.6573069e-01
  -7.9778444e-01   2.3779869e-02
  -2.5612127e-01  -2.4759437e-01
  -5.5568938e-01   7.6752429e-01
   2.8645326e-01  -5.0847636e-01
   5.5331245e-01  -6.7199345e-01
  -1.3993190e-01   3.1720770e-01
   2.4212306e-01  -4.8876354e-01
  -4.4185068e-01  -6.8479354e-01
  -4.3904441e-02  -4.4678844e-01
  -3.7051682e-01  -4.0258250e-01
   6.5433981e-01  -9.8819135e-01
   4.8632253e-01  -5.4269601e-01
  -7.1137762e-01   3.4023558e-01
  -8.6346981e-01   9.6333121e-01
   6.4273077e-02  -4.8770244e-01
   4.8791057e-01   2.3834531e-01
   6.7146724e-01   9.4365897e-01
   4.4132597e-01  -1.5657481e-02
   7.7524522e-01  -3.9794612e-01
  -6.7429324e-01   1.9419395e-01
  -5.9752031e-01   8.6765630e-02
   7.6392306e-01  -7.4045847e-01
  -7.6082129e-02   1.0443876e-01
  -6.2590033e-01  -7.0187163e-01
   4.4976451e-01  -4.8290223e-01
   7.6710528e-01   5.7423797e-02
   5.9602250e-01   6.2675340e-01
   6.8594465e-01   4.3706848e-01
   7.6092564e-02   1.6386246e-03
  -5.8082185e-01   7.8796265e-01
   6.0890913e-02   9.0143340e-01
   6.8660479e-01  -7.5289209e-02
  -5.6931939e-01  -4.2480530e-01
   4.3345175e-01   8.5273420e-01
   7.2533664e-01  -7.3436011e-03
  -5.7471343e-02   7.5466010e-01
  -7.8991943e-02  -5.7352415e-01
   8.8505643e-01  -7.7119744e-01
   2.5668518e-01  -7.5136895e-01
