   1.3223583e+00
   2.6636207e-01
  -8.1848994e-01
  -1.3117800e+00
  -1.1523946e+00
  -7.2926656e-01
  -2.6361953e-01
  -3.0007477e-01
  -2.2393245e-01
   2.8393594e-01
  -2.0513586e-01
  -1.6440216e+00
  -1.4684062e+00
  -4.0145092e-01
   1.5616343e+00
   1.4509667e-01
   1.4280633e+00
  -6.8894861e-01
  -8.1328579e-01
   9.7769936e-01
   7.1258411e-01
  -4.1541845e-01
   1.3698405e+00
  -1.7437243e-01
  -1.3435752e-01
  -1.7946261e-01
  -1.6116276e-01
   6.7342700e-01
  -1.0424260e+00
   7.7279477e-01
  -1.1625339e+00
  -1.3838907e-02
  -7.2978720e-01
   2.3782264e-01
  -8.6489594e-01
   9.0513863e-01
  -1.5022167e+00
  -1.1567540e+00
   4.9091562e-01
  -7.9539500e-01
  -1.1968531e+00
  -1.1459123e+00
   1.5528982e+00
  -7.8257854e-01
  -7.2988106e-01
   6.0158783e-01
  -1.6662867e+00
  -1.0975309e+00
  -4.9783626e-01
  -9.5725787e-01
   7.1432974e-01
   7.7681509e-01
   1.2939789e+00
   1.4961623e-01
   1.8447307e-01
   1.1716170e-01
   1.2453505e+00
  -1.2110424e-01
  -4.0492909e-01
   3.6296227e-01
  -5.4803090e-01
  -1.4312167e+00
  -4.9120979e-01
  -7.5925350e-01
   4.9361080e-01
   8.2250690e-01
  -2.6503449e-01
   4.2338255e-01
  -6.6241522e-01
  -7.9164069e-02
  -6.6629674e-01
   6.6974383e-01
   8.0044968e-01
  -1.2309047e+00
  -8.6771388e-01
   1.1348102e-01
   9.1105765e-01
   7.3017447e-01
   8.5417281e-01
   1.2904019e+00
  -1.2252198e+00
  -1.1209556e+00
   1.0212578e+00
  -1.5118919e-01
  -8.9471639e-01
   7.7007970e-01
   1.3858203e+00
   9.0932360e-01
   1.1477240e+00
   1.5203811e-01
  -7.7400225e-01
   7.5517294e-02
   1.2642383e+00
  -9.8229363e-01
   5.5266597e-01
   1.3267390e+00
  -8.3690167e-02
  -1.3256755e-01
   1.1099639e+00
   3.7104195e-01
