   2.8353536e+00   2.5661961e+00
   2.7876504e+00   5.4326566e-01
   3.3822344e+00   9.5332143e-01
   1.9146362e+00   9.4176324e-01
   2.6522431e+00   3.4689564e+00
   2.7609259e+00   2.4442923e+00
   1.6163585e+00   1.0467741e+00
   1.4785791e+00   2.7990838e+00
   2.8521604e+00   6.6803400e-01
   3.9736171e-01   3.1521506e-01
   3.7777074e+00   2.3782963e+00
   2.6182090e+00   1.6189412e+00
   7.9987520e-01   1.8983195e+00
   3.7724974e+00   1.3140701e+00
   2.0310749e+00   2.1714847e+00
   3.7528566e+00   1.2729510e+00
   3.9010134e+00   3.2154933e-01
   1.3521380e+00   3.7225358e+00
   2.2935924e+00   2.1296236e+00
   3.4652916e-01   1.1179314e+00
   8.8145898e-01   3.5746949e+00
   1.6010931e+00   7.4523804e-01
   3.1605689e+00   2.2683730e+00
   1.4847432e+00   9.3020700e-01
   2.3478694e+00   3.8726760e+00
   1.7064525e+00   3.7969657e+00
   3.0757758e+00   2.1191542e+00
   3.9447715e+00   9.1885767e-01
   1.9543319e+00   2.9302864e+00
   5.7612149e-01   3.1000514e+00
   6.7162087e-01   2.0755239e+00
   1.5440345e+00   3.3950804e+00
   1.3811725e+00   3.3971958e+00
   3.6928076e+00   2.4102038e+00
   2.1676202e+00   3.1974122e+00
   2.4431284e+00   2.0602658e+00
   4.9123064e-01   3.1773570e+00
   1.2870375e+00   3.6151826e+00
   3.1966442e+00   3.8387566e+00
   2.2907024e+00   7.8581636e-01
   3.7771203e+00   2.6177337e+00
   2.2891557e+00   3.0734746e+00
   1.8279117e+00   1.0062519e+00
   3.8671306e+00   1.9418996e+00
   2.5167597e+00   1.3803916e+00
   3.7826838e+00   1.9132792e+00
   3.1157266e+00   2.8158020e+00
   7.1021986e-01   1.2360825e+00
   1.3549905e+00   3.5269246e+00
   1.0866082e+00   2.2839522e+00
   1.8346360e+00   3.6758337e+00
   2.1561834e+00   2.0238842e+00
   3.4124534e+00   1.6805995e+00
   3.1845431e+00   2.8659090e+00
   2.4595208e+00   3.1005909e+00
   2.2202352e+00   3.6612741e+00
   1.4065972e+00   5.3051311e-01
   2.8535608e+00   3.1987908e+00
   2.6232635e+00   9.2111891e-01
   3.1727232e+00   3.3815421e+00
   3.5115771e+00   7.7900187e-01
   3.9785161e-01   2.1205771e+00
   2.5774108e+00   3.4056687e+00
   1.0336799e+00   2.4407066e+00
   3.4996264e+00   1.3198322e+00
   3.7343383e+00   1.6406685e+00
   3.4348441e+00   2.2770639e+00
   4.4358314e-01   3.7713656e+00
   2.2507135e+00   1.3482558e+00
   1.6461445e+00   2.6672883e+00
   5.5947285e-01   4.3964663e-01
   1.2185530e+00   3.1016320e+00
   5.1853831e-01   9.9339031e-01
   1.1559681e+00   2.1856277e+00
   3.7611273e+00   2.4905339e+00
   3.2848501e+00   1.1845383e+00
   4.4085302e-01   2.0975190e+00
   3.8821386e+00   3.7062935e+00
   3.7411734e+00   1.6413727e+00
   4.6991371e-01   5.3509625e-01
   1.5192245e+00   2.5441013e+00
   2.9511272e+00   9.4417993e-01
   4.1639438e-01   2.6356741e+00
   1.1985190e+00   1.6202262e+00
   1.4341820e+00   2.8569659e+00
   3.3857960e+00   5.0361792e-01
   2.2307660e+00   1.5094483e+00
   7.2729576e-01   2.5674200e+00
   8.1541902e-01   3.9364468e+00
   1.7968022e+00   1.9822471e+00
   8.8946065e-01   1.2373131e+00
   3.7944768e+00   4.3772270e-01
   7.8040627e-01   2.3896490e+00
   1.1427803e+00   4.6912469e-01
   3.9896081e-01   3.7698120e+00
   3.5959198e+00   1.9795044e+00
   2.9673305e+00   3.5177398e+00
   1.0549769e+00   3.7300469e+00
   1.5601685e+00   2.8216309e+00
   2.5062726e+00   1.6218003e+00
