   2.8595974e-02
   8.1407160e-03
   9.5498988e-04
   1.1940085e-01
   3.0495139e-02
   3.7411972e-02
   2.0650938e-01
   6.1677276e-01
   7.1049390e-03
   1.1642943e-01
   3.6696377e-04
   3.6890213e-02
   6.1506372e-01
   1.7605342e-04
   2.6406626e-01
   1.8903818e-04
   3.7224696e-05
   3.2783376e-01
   1.4030408e-01
   2.0978262e-01
   4.1870879e-01
   1.6282544e-01
   7.4905115e-03
   2.1575761e-01
   5.2704363e-02
   2.1064074e-01
   9.9989876e-03
   4.6316366e-05
   2.9038278e-01
   5.3558357e-01
   6.5047870e-01
   3.7168631e-01
   4.3131493e-01
   5.8714944e-04
   1.5168891e-01
   8.9426145e-02
   4.6535799e-01
   3.7686206e-01
   2.6817707e-03
   4.5673910e-02
   3.6845068e-04
   1.2412657e-01
   1.4684581e-01
   1.7803606e-04
   4.0840336e-02
   2.8080175e-04
   8.7521479e-03
   3.2867225e-01
   3.9102673e-01
   7.9613835e-01
   1.9293383e-01
   1.8412979e-01
   1.5858614e-03
   6.3434825e-03
   7.6127827e-02
   8.8522239e-02
   1.6689143e-01
   1.9074272e-02
   1.9421256e-02
   4.5059087e-03
   4.3770048e-04
   5.1778019e-01
   4.1112664e-02
   8.2995702e-01
   7.4593746e-04
   2.9207647e-04
   2.1305613e-03
   2.6052701e-01
   8.2816748e-02
   5.3639867e-01
   1.5125741e-01
   6.1035928e-01
   2.2856760e-01
   7.5142048e-01
   4.0719424e-04
   1.8442323e-03
   5.3708821e-01
   9.2971119e-05
   2.8152301e-04
   1.4919139e-01
   6.3537806e-01
   6.1363182e-03
   5.8383308e-01
   4.8700896e-01
   6.2390652e-01
   6.5041703e-04
   1.0079597e-01
   7.7068936e-01
   2.9616651e-01
   3.6101309e-01
   3.5351529e-01
   7.4458847e-05
   7.8612489e-01
   1.8402264e-01
   2.4776011e-01
   8.0498654e-04
   9.3256561e-03
   3.6748120e-01
   5.6057031e-01
   5.2469820e-02
