   1.9326504e+00   2.5740567e+00
   1.1334647e+00   1.0900098e+00
   9.8345860e-01   3.0885432e+00
   2.8834892e+00   2.9345971e+00
   3.5382232e+00   1.8041592e+00
   3.1451684e+00   1.1988450e+00
   1.2673084e+00   2.2584532e+00
   3.9471117e+00   3.2317793e+00
   4.6348077e-01   3.1547066e+00
   1.5733414e+00   1.6799225e+00
   2.7907841e+00   1.9132054e+00
   5.0991641e-01   3.9507348e+00
   5.0191175e-01   3.6159117e+00
   2.3900016e+00   3.0212217e+00
   2.7085018e+00   1.1166316e+00
   1.1770029e+00   5.5580444e-01
   2.6195906e+00   6.2778148e-01
   2.2611419e+00   1.2709925e+00
   2.2028501e+00   8.6039332e-01
   2.8960223e+00   1.6473169e+00
   1.6826554e+00   2.8198629e+00
   2.5719224e+00   6.7787545e-01
   1.4369616e+00   3.5821892e+00
   6.4371877e-01   2.0287949e+00
   2.7528094e+00   2.2790485e+00
   4.0572826e-01   6.0013760e-01
   1.7228159e+00   8.1264920e-01
   5.6659207e-01   4.1870803e-01
   1.3800982e+00   1.3116535e+00
   1.0886904e+00   3.1142821e+00
   2.9713904e+00   3.7733028e+00
   2.9085926e+00   3.5667027e-01
   2.9459437e+00   5.3788963e-01
   1.6365238e+00   2.7689785e+00
   2.3219389e+00   2.3823317e+00
   1.6239784e+00   1.1751053e+00
   3.7815387e+00   3.6029014e+00
   1.9457287e+00   2.0079522e+00
   7.1003008e-01   2.5391800e+00
   3.5009505e+00   1.4636550e+00
   4.3155346e-01   7.9902320e-01
   1.1260755e+00   3.7340539e+00
   8.1046260e-01   3.8442711e+00
   1.4195280e+00   3.9603044e+00
   1.2405096e+00   1.1238929e+00
   3.0053802e+00   1.6614533e+00
   2.6594378e+00   2.9387228e+00
   3.9084069e+00   4.0828431e-01
   1.5250035e+00   2.5066940e+00
   1.8565567e+00   1.5863225e+00
   2.0775745e+00   1.9464823e+00
   3.6663867e+00   8.4058063e-01
   2.4168613e+00   9.5380137e-01
   1.8718926e+00   2.4566985e+00
   1.9813461e+00   1.8507156e+00
   3.8194690e+00   1.4196744e+00
   2.4568998e+00   1.9833933e+00
   1.7483106e+00   1.7943913e+00
   2.3648878e+00   3.6014499e+00
   3.9502502e+00   1.8561843e+00
   3.1994052e+00   3.0414654e+00
   6.2642304e-01   1.2896329e+00
   1.7004414e+00   1.2037155e+00
   3.1471671e+00   9.1183314e-01
   1.0378079e+00   2.5465145e+00
   1.6063806e+00   2.5757660e+00
   1.1054105e+00   3.7317868e+00
   3.1222905e-01   3.8454208e+00
   1.0090129e+00   3.2666906e+00
   1.9658826e+00   2.5668235e+00
   2.8227670e+00   3.5870964e+00
   2.0318460e+00   2.2198571e+00
   7.7499004e-01   2.0143244e+00
   3.2736319e+00   1.2109480e+00
   5.8109998e-01   3.1045371e+00
   7.5538896e-01   2.5009918e+00
   3.5229124e+00   3.1802920e-01
   2.8361267e+00   2.7168325e+00
   2.1940579e+00   3.8347253e+00
   2.5810467e+00   2.1453276e+00
   3.3804239e+00   2.5370240e+00
   3.3910218e-01   2.9399625e+00
   2.2314252e+00   5.3301405e-01
   1.7202774e+00   9.7502761e-01
   5.1739560e-01   3.5486665e+00
   2.9429267e+00   3.2068645e+00
   3.1790278e+00   3.7732098e+00
   2.9516040e+00   1.4107817e+00
   7.4344640e-01   3.4716641e+00
   1.4974294e+00   3.3255868e+00
   3.5048798e+00   3.3725221e+00
   2.7981240e+00   1.9111671e+00
   1.1854686e+00   2.3001626e+00
   4.0535618e-01   3.6803094e+00
   1.2762689e+00   2.5115743e+00
   3.0696631e+00   3.2542293e-01
   1.8940277e+00   1.3076525e+00
   3.8156774e+00   8.0862706e-01
   6.1259089e-01   2.9221882e+00
   3.6078533e-01   4.5357604e-01
