   3.4759464e-01
   3.0813130e-01
   6.4649338e-01
   2.0733066e-02
   9.4543604e-04
   3.4684661e-03
   7.3989200e-01
   9.7392279e-05
   4.6042807e-01
   3.8442395e-01
   2.6213084e-02
   2.3799470e-01
   3.1910249e-01
   9.8420760e-02
   1.7339075e-02
   1.9461363e-01
   1.5425360e-02
   7.5200529e-02
   6.0517483e-02
   1.4251395e-02
   4.8183198e-01
   1.8695312e-02
   3.4843503e-01
   6.1938717e-01
   3.7085119e-02
   1.4605861e-01
   1.4653714e-01
   1.4981540e-01
   3.3132519e-01
   6.2901040e-01
   7.2730633e-03
   4.5187276e-03
   4.4892896e-03
   5.2412365e-01
   1.4351493e-01
   2.2924481e-01
   1.8059872e-04
   2.8350918e-01
   7.6515066e-01
   8.4489447e-04
   1.7684381e-01
   3.6146556e-01
   3.2081556e-01
   2.5164821e-01
   3.0507331e-01
   9.4186301e-03
   4.5738338e-02
   3.8028591e-05
   6.3255535e-01
   2.3596066e-01
   2.0786272e-01
   2.0669570e-04
   3.7408716e-02
   3.8903747e-01
   2.3540801e-01
   1.4907330e-04
   8.1618748e-02
   3.3643467e-01
   6.4321006e-02
   1.0277168e-04
   5.3093030e-03
   3.2635829e-01
   2.1255997e-01
   2.6727130e-03
   8.3064533e-01
   5.7419208e-01
   3.6394606e-01
   2.0700317e-01
   5.5929674e-01
   3.2661768e-01
   1.5141332e-02
   2.6971807e-01
   6.6205414e-01
   1.9876505e-03
   5.3597907e-01
   7.8493298e-01
   2.8864169e-04
   2.7540023e-02
   8.0604720e-02
   6.1931944e-02
   2.8802414e-03
   4.6363737e-01
   4.3301919e-02
   1.6883500e-01
   3.4449135e-01
   1.3495608e-02
   3.0724626e-03
   9.2925456e-03
   4.3668022e-01
   4.1496748e-01
   9.6052749e-04
   2.5492035e-02
   7.7922337e-01
   2.7077501e-01
   7.7201007e-01
   2.3266530e-03
   1.7151138e-01
   8.8775021e-05
   6.2444299e-01
   1.2334845e-01
