  -5.5344793e-01  -2.6072114e-01
  -1.0172502e-01  -6.5846603e-01
   6.9063108e-02   6.4633082e-01
   9.8077997e-01   1.7411454e-01
   4.3469437e-01   9.2322326e-01
   9.6011496e-01  -2.1741360e-02
  -8.9252440e-01  -4.9295444e-01
   2.7374837e-01   3.5644825e-01
   9.2076380e-01   8.2898356e-01
  -4.6015380e-01   2.3414958e-01
   8.9881492e-01  -3.5500252e-01
   8.0446852e-01  -1.8976140e-02
  -6.1070316e-01  -1.8508932e-01
   4.6790304e-01  -8.3212075e-01
  -6.5027755e-01   1.8391905e-01
  -7.8971790e-01   7.5803096e-01
  -3.7177466e-01   1.0661572e-01
  -3.0246868e-01  -4.0105786e-01
  -2.0207546e-01   7.9401663e-01
  -4.3216509e-01   5.8861261e-01
  -3.7217618e-01   5.5162491e-01
   4.3655959e-01   1.9793659e-01
   8.8929346e-01   1.1444205e-01
  -8.2442245e-01  -4.0058474e-01
  -4.4093120e-01   9.5314509e-02
   1.9231836e-01   9.8365966e-01
   6.5686917e-01  -3.3174059e-02
   5.6430508e-01   3.6954739e-01
   1.1447746e-01  -3.9966338e-02
  -9.2744722e-01   4.9304155e-01
   3.3874355e-01  -5.7715514e-01
   6.9797700e-01  -5.0302655e-01
  -8.6907086e-01  -8.0432184e-01
  -2.7846874e-01   4.1734087e-01
  -4.8389750e-01   7.1149184e-01
  -1.3480693e-01   5.7806850e-01
  -3.8785818e-01   4.8568510e-01
   9.3317719e-01  -7.9095577e-01
  -7.4013410e-01   4.1749819e-02
  -5.6512768e-01   6.9326493e-01
   7.8678756e-01   6.8722630e-01
   2.4341220e-01  -2.4450540e-01
  -2.0367525e-01  -4.5580928e-01
  -2.8782124e-01  -7.4939215e-01
   2.9314618e-01   3.8270508e-01
   4.6618245e-01   1.1026233e-01
   4.6340219e-01  -9.8305154e-01
   9.1635108e-01  -1.6793639e-01
  -9.0809109e-01  -1.2176359e-01
  -1.5127766e-01   5.6872129e-01
  -9.8196508e-01   6.5999498e-01
   4.0761037e-01   1.7921288e-01
   5.6178473e-01  -7.1585192e-01
   1.2968047e-01   1.8662677e-01
  -9.5340953e-01   4.5238560e-01
  -9.8487217e-01  -1.4323928e-01
   9.7793766e-01  -5.7841589e-01
  -5.9670569e-01  -4.6923146e-01
   6.4667646e-01   9.8636751e-01
  -2.7809946e-01  -3.8487261e-02
  -7.7494037e-02   6.5550026e-01
  -7.7990991e-01   2.0647653e-01
   5.6252331e-01   6.3568336e-01
  -9.3112877e-02   9.1109434e-01
  -4.0579510e-01   3.0075639e-01
  -2.8319925e-01   2.5529469e-01
  -3.5127922e-02   2.9312666e-01
  -1.3755037e-01  -8.7573374e-01
   3.9764510e-01   8.7639329e-01
   3.5013298e-01   7.9743288e-01
  -9.8625802e-01   3.8971833e-01
  -8.4202055e-01  -3.7918766e-01
  -7.8746759e-02  -3.1290879e-01
   5.5507256e-01  -8.4754111e-01
   6.3352794e-01   3.9673881e-02
   2.6277609e-01   2.1755464e-01
  -2.7024778e-01   4.5431992e-01
   7.7499628e-01  -9.9985213e-01
  -4.9814635e-01  -6.6046746e-01
  -8.6776193e-01  -7.3417953e-02
   4.5430236e-01  -2.7629570e-01
   5.3359506e-01   9.0413123e-01
   7.9665141e-01   8.6438672e-01
   5.3365088e-01   9.1613732e-01
   8.9376690e-01  -5.8692316e-01
   7.1466458e-02  -6.8059853e-01
   9.1956156e-01   1.4352113e-01
   9.5637666e-01   1.8583838e-01
   4.4200387e-02   3.9722150e-01
   6.9072019e-01  -3.8837307e-01
   7.9605301e-01  -2.1229732e-01
   8.6245745e-01  -3.2622835e-01
  -8.4720738e-02  -7.4201392e-01
   5.1832314e-01  -8.2612729e-01
   8.7759170e-01   9.7886698e-02
   6.2140142e-01  -3.6453351e-01
   8.6078391e-01   9.8549515e-01
  -1.0608540e-01   4.4713051e-01
   6.6777213e-01   1.4420278e-01
   9.7556225e-01   4.3445434e-01
