  -1.0157195e+00
  -1.6063772e-01
   1.1017838e-01
   1.6367363e+00
   5.0809940e-01
   1.6381278e+00
  -1.3719000e+00
   5.0669798e-01
   1.0756824e+00
  -8.6393539e-01
   1.4675836e+00
   1.4406649e+00
  -1.1272983e+00
   6.0734611e-01
  -1.1903937e+00
  -1.0314161e+00
  -7.2241352e-01
  -5.4848137e-01
  -2.8138014e-01
  -6.9670468e-01
  -6.1941146e-01
   8.2913670e-01
   1.5430933e+00
  -1.3520699e+00
  -8.4968925e-01
   2.1176977e-01
   1.2206091e+00
   9.9744593e-01
   2.2827274e-01
  -1.4095964e+00
   5.5695083e-01
   1.1261202e+00
  -1.0594454e+00
  -5.0258086e-01
  -7.0472393e-01
  -2.2512358e-01
  -6.6893798e-01
   1.1300094e+00
  -1.3475985e+00
  -8.2381066e-01
   1.0947171e+00
   4.6769431e-01
  -3.6323846e-01
  -4.1563507e-01
   5.3612246e-01
   8.9349964e-01
   4.9570361e-01
   1.5644484e+00
  -1.5649878e+00
  -2.5395895e-01
  -1.3139050e+00
   7.8013546e-01
   8.0387718e-01
   2.5414360e-01
  -1.4667420e+00
  -1.6493368e+00
   1.3888735e+00
  -1.0023719e+00
   6.6486743e-01
  -5.4865065e-01
  -1.2274279e-01
  -1.3765572e+00
   8.5829295e-01
  -1.1396945e-01
  -7.5406035e-01
  -5.4074458e-01
  -6.7245258e-02
  -1.7562868e-01
   4.9562110e-01
   4.7923426e-01
  -1.5428657e+00
  -1.3859986e+00
  -1.4969116e-01
   6.9757378e-01
   1.1830518e+00
   5.0727854e-01
  -4.7977738e-01
   7.5628766e-01
  -7.5463942e-01
  -1.5216575e+00
   8.4438326e-01
   6.2904398e-01
   9.2824745e-01
   6.1945905e-01
   1.2979945e+00
   1.1099239e-01
   1.5743174e+00
   1.6060778e+00
   8.1491300e-02
   1.1792918e+00
   1.3971149e+00
   1.4387777e+00
  -1.2474750e-01
   6.7152622e-01
   1.5310399e+00
   1.0878411e+00
   8.3790578e-01
  -1.9095397e-01
   1.2256220e+00
   1.5021887e+00
