  -5.1923616e-01   4.5819335e-01
   9.2255432e-01  -5.9397128e-01
   8.4710252e-01   5.8998961e-01
  -4.5150617e-01   9.4914234e-01
  -5.5344204e-01  -1.5971168e-01
  -4.9575287e-01  -5.0855882e-01
  -5.0601316e-01  -3.9755980e-02
  -5.2084725e-01   3.3794485e-01
  -1.4349808e-01   7.0475157e-01
   6.5185177e-01   8.9064524e-01
   2.3437248e-01  -7.4253547e-01
  -6.1225120e-01   3.9329051e-01
   6.1616289e-01  -8.3983171e-01
   9.7126839e-01  -7.9287470e-01
  -7.0279510e-01  -7.3760327e-01
   7.0606162e-01   3.0110798e-02
  -5.2279610e-01  -3.6437831e-02
  -1.6611890e-01  -1.0823319e-01
  -3.5520020e-01   5.9635381e-01
  -1.3192272e-01   5.7876494e-02
  -3.4515258e-01   3.3768746e-01
  -8.0206243e-01  -3.3324825e-02
   3.4234880e-01  -3.3462599e-01
  -9.0128261e-01  -4.8239669e-01
  -5.9800823e-01   9.4740542e-01
  -1.7261455e-03  -4.7127941e-01
  -4.4916136e-01   5.7988170e-01
  -1.6079215e-01  -5.8621577e-03
   1.9398576e-01  -3.5842947e-01
  -9.0171018e-01   2.3256558e-01
   7.7335886e-01  -9.8621170e-01
   7.1659833e-01  -8.7413269e-01
  -8.2987690e-01   8.4004994e-01
  -6.4516645e-01   8.1232739e-01
  -9.7320296e-01   6.6307425e-01
   1.7997087e-01   8.2734935e-01
   4.1572399e-01   3.5831530e-01
   5.1784512e-01   5.5411720e-01
  -5.7205741e-01   3.8733589e-01
   9.3233454e-01  -6.0228706e-01
  -3.1222055e-02  -9.5223467e-02
  -8.7506380e-01   5.7777350e-01
  -6.4308160e-01  -9.9615091e-01
  -3.2347323e-01   1.1115519e-01
   7.6096439e-01  -1.3350341e-01
  -9.1455890e-01  -8.8316811e-01
  -2.8918517e-01  -1.1608030e-01
   2.8147865e-01   6.7918736e-01
   6.5576741e-01   2.3651335e-01
  -9.1075397e-01   4.8318811e-01
   5.8165127e-01   8.7127480e-01
  -8.9769868e-01  -3.4937997e-01
  -4.0714830e-01   4.9198289e-01
  -4.5571524e-01   7.4579645e-01
   8.2690762e-01  -1.3342818e-01
   2.1093419e-01   4.3119325e-02
   4.4349026e-03   3.0531852e-01
   4.7320090e-01  -6.1977085e-02
  -7.7575366e-01  -6.3340136e-01
   7.6897977e-01  -5.4799562e-01
   5.9101351e-02  -1.7608915e-01
  -9.8901216e-01  -9.6941658e-01
  -6.7426417e-01   5.0134082e-01
  -4.7534789e-01  -8.7575317e-01
  -9.2226034e-01  -1.3663126e-01
   3.6412894e-01   8.5558720e-02
  -9.4360707e-01   2.2029710e-01
  -1.0158542e-04  -1.2753165e-01
  -3.8610131e-02  -8.3786288e-01
  -4.4294230e-01  -4.3208552e-01
   1.8098342e-01  -8.5354639e-01
  -4.2516810e-01   4.5995510e-01
   8.3989264e-01  -3.0724979e-01
  -9.8787231e-01   3.0441054e-01
   1.2906076e-01  -3.6485097e-02
  -2.6261536e-01  -2.3481272e-01
  -2.5727849e-01  -3.4622832e-01
  -9.5761136e-01  -7.9392017e-01
   3.7450129e-01  -2.5917524e-01
   1.0912749e-01  -2.4511692e-01
   5.3087158e-01  -3.6403358e-02
   5.8267792e-01   5.9123913e-01
  -5.0687828e-01   3.8278739e-01
  -6.0038670e-01   6.9958020e-01
  -2.6612188e-01   2.4565052e-02
   4.3914405e-01   7.1006682e-01
  -7.4927036e-01  -6.9116906e-02
  -1.4021153e-01  -4.7030280e-01
  -9.6729303e-01   2.5896843e-01
  -8.5795968e-01   1.2546824e-01
   4.2061221e-01   8.2312935e-02
   6.0589564e-01  -2.1337712e-01
   8.2039324e-01  -1.5907526e-01
   8.2424739e-01  -7.2575604e-01
   2.5907235e-01  -4.1564424e-01
  -7.3701241e-01  -9.8535357e-01
  -8.7572699e-01   8.6540245e-01
   5.5508765e-01   2.1851708e-01
   4.8429902e-01   7.8369139e-01
   2.5185847e-01  -1.5835032e-01
