  -8.9006772e-01
   1.3212299e+00
   1.2453643e+00
  -5.0821001e-01
  -1.0378582e+00
  -8.3098718e-01
  -9.6862179e-01
  -9.3893825e-01
  -2.1787624e-01
   7.6306910e-01
   3.4219788e-01
  -1.0616675e+00
   7.7160898e-01
   1.1588157e+00
  -9.5670909e-01
   1.2970958e+00
  -9.9794654e-01
  -3.2877670e-01
  -5.7549544e-01
  -2.6264030e-01
  -6.3846387e-01
  -1.4367848e+00
   6.3416056e-01
  -1.3892876e+00
  -6.5734640e-01
  -3.0759487e-03
  -7.2645758e-01
  -3.2019488e-01
   3.6104118e-01
  -1.5265435e+00
   7.7098578e-01
   8.4291773e-01
  -9.8491773e-01
  -8.2720461e-01
  -1.3030381e+00
   2.4230616e-01
   7.5640656e-01
   8.4187685e-01
  -1.0025163e+00
   1.3234337e+00
  -6.2151119e-02
  -1.2859813e+00
  -6.5187975e-01
  -6.3179986e-01
   1.3669673e+00
  -1.0057472e+00
  -5.6650438e-01
   4.3226645e-01
   1.1855845e+00
  -1.3990590e+00
   7.0746988e-01
  -1.4693126e+00
  -6.9805369e-01
  -6.4655575e-01
   1.4586009e+00
   4.1835773e-01
   8.4595602e-03
   9.0972556e-01
  -1.1288365e+00
   1.1871500e+00
   1.1630712e-01
  -9.4540091e-01
  -1.0949858e+00
  -5.8617232e-01
  -1.5790831e+00
   7.0966554e-01
  -1.5802247e+00
  -2.0152086e-04
  -5.1651588e-02
  -7.7841790e-01
   2.3662937e-01
  -7.3921302e-01
   1.4194048e+00
  -1.5929462e+00
   2.5723423e-01
  -5.0496594e-01
  -4.7870070e-01
  -1.1466730e+00
   7.0718208e-01
   2.1131111e-01
   1.0118995e+00
   9.1371067e-01
  -9.0063394e-01
  -8.6451842e-01
  -5.2582496e-01
   6.4482065e-01
  -1.3589570e+00
  -2.4915958e-01
  -1.5917950e+00
  -1.5011260e+00
   8.1387378e-01
   1.1131661e+00
   1.4443587e+00
   1.0981160e+00
   4.6874309e-01
  -7.4273894e-01
  -9.9585271e-01
   1.0289706e+00
   6.5956387e-01
   4.9217274e-01
