  -7.6296486e-01
  -1.3417658e-02
   1.3540006e+00
   5.5620477e-03
  -8.3316149e-01
   1.3545732e-01
   2.9590095e-01
  -2.3647048e-01
  -1.3739283e+00
   7.4826108e-01
   2.6691755e-02
  -4.7032382e-01
  -1.3591882e+00
  -5.5111081e-01
  -7.3706130e-01
  -7.1377282e-01
   1.1661410e+00
  -2.8503708e-01
  -1.5452823e+00
  -4.9308015e-01
   8.9869053e-01
  -1.0683728e+00
   1.4459765e+00
  -7.0514042e-01
  -5.0119425e-01
  -1.0580573e+00
   9.7550787e-01
  -1.4455126e+00
   1.3804897e+00
  -7.8017119e-01
  -7.6191592e-01
   5.6706500e-01
  -1.2650227e+00
   4.2806053e-02
   7.8506137e-01
   1.3922054e+00
   4.9314657e-01
   9.2821466e-01
  -2.5601562e-01
  -9.3054193e-01
   8.1810976e-02
  -9.7954892e-01
   9.2561031e-01
   6.2436358e-01
   9.5155556e-01
   6.3388921e-01
  -9.2523615e-02
  -5.0054566e-01
   6.9457552e-01
   1.4289229e+00
   9.6054532e-01
   6.9355460e-01
   7.9746851e-01
   3.3290991e-01
   7.5114758e-01
  -1.0307455e-02
   9.2355361e-01
  -1.0706906e+00
   1.4218961e+00
  -1.2894801e+00
   1.7016266e-01
  -2.8659736e-01
  -1.4066425e+00
   8.6679271e-01
   4.4998370e-01
   8.0664620e-01
   2.4908599e-01
   9.5488378e-01
   3.0530105e-01
   9.5015062e-01
   8.7582289e-01
   3.0302890e-02
   9.8962516e-01
  -1.0774648e-01
   1.1398380e+00
  -5.8021980e-01
   1.5915166e+00
  -8.0699855e-01
  -1.0914885e+00
   7.1564391e-01
   8.6117868e-01
   9.0811155e-01
  -5.2123055e-01
   8.7769643e-01
   1.1799406e-01
  -9.9981706e-02
   1.1918283e+00
   1.4825823e+00
  -1.1819559e+00
   6.7788140e-01
  -9.2117619e-01
  -4.0106433e-01
  -8.1788748e-01
   7.5148426e-01
   1.6727603e+00
   5.4580227e-01
   6.6379302e-01
   1.3150449e+00
   6.3201755e-01
   2.7188580e-01
