  -4.0343170e-01  -2.3830494e-01
  -6.9594595e-03   2.6915897e-01
   7.7980846e-01  -2.7354276e-01
   2.8291797e-03  -1.8476111e-01
  -4.4600952e-01  -2.6260055e-01
   6.7916357e-02  -6.3202479e-02
   1.4849911e-01   6.8276866e-03
  -1.7439120e-01   8.2107156e-01
  -9.7047267e-01  -5.8713796e-01
   4.0552961e-01  -3.2279265e-01
   1.3494303e-02   1.4825124e-01
  -2.3746780e-01  -2.6135121e-02
  -8.7013693e-01  -4.7556203e-01
  -2.8284008e-01   1.5918693e-01
  -5.3149751e-01   7.5665540e-01
  -5.9299189e-01  -8.7809956e-01
   6.2755917e-01  -1.1824706e-01
  -2.1313081e-01  -8.3148400e-01
  -8.9284966e-01   1.2647523e-01
  -2.4989684e-01   7.8621161e-02
   5.4998835e-01   5.3611580e-01
  -6.6940476e-01  -5.3381946e-01
   8.2443779e-01   1.7472348e-01
  -3.6158844e-01  -8.2052266e-02
  -3.4044066e-01   7.2196304e-01
  -5.9152866e-01   3.2167219e-01
   5.3442947e-01  -2.9224167e-01
  -8.6005370e-01  -3.0562740e-01
   9.0006790e-01  -4.9256380e-01
  -6.8358043e-01   9.0505629e-01
  -4.2710827e-01  -4.0359802e-01
   3.7425823e-01  -6.8318784e-01
  -7.1770035e-01  -2.7740589e-01
   2.4173301e-02   4.8325819e-01
   4.4265385e-01   4.1180002e-01
   8.5769027e-01   4.0178435e-01
   4.6420770e-01  -9.8754843e-01
   4.9969604e-01  -2.5130880e-01
  -1.8536079e-01   8.0299124e-01
  -5.2101661e-01  -3.6331034e-01
   4.1700950e-02   1.9416585e-01
  -5.6184528e-01  -4.0440964e-01
   6.8477581e-01  -7.4997124e-01
   3.2586582e-01  -2.2328866e-01
   6.3247057e-01   6.3537549e-01
   5.8775520e-01   9.6235141e-01
  -6.1789593e-02   7.2397967e-01
  -3.8095004e-01  -8.3235824e-01
   3.7515850e-01  -3.2457602e-01
   9.7370445e-01  -5.2774167e-01
   5.3986775e-01  -3.6438922e-01
   6.5916169e-01   9.6889681e-01
   4.1216953e-01   9.6501783e-02
   1.9067284e-01   4.9850252e-01
   5.0574824e-01   6.8370347e-01
  -6.5555923e-03  -6.6622059e-01
   7.3026531e-01   8.0619522e-01
  -8.6394461e-01  -7.8975174e-01
   9.3709188e-01   4.9018619e-01
  -8.0248738e-01   4.5874388e-01
   9.3954173e-02   4.3493920e-01
  -1.9406018e-01  -7.3313646e-01
  -7.8591969e-01  -1.0842200e-01
   4.4833234e-01   1.7574462e-02
   2.2736470e-01   6.0980582e-02
   5.6593639e-01   7.1943409e-01
   1.3324116e-01   3.5544982e-01
   6.2263832e-01   6.1167652e-01
   1.5355172e-01   6.2485739e-02
   8.8805839e-01   9.1179168e-01
   7.4290430e-01  -8.6664611e-01
   1.5204416e-02   8.3036055e-02
   5.7764633e-01  -4.3667931e-01
  -5.3938718e-02  -3.8199327e-02
   6.5760340e-01   3.6972756e-01
  -3.5503682e-01  -5.8348322e-01
   9.5229307e-01   2.1632198e-01
  -4.4357792e-01  -3.4764766e-01
  -8.5433839e-01   7.6169440e-01
   5.0244721e-01  -7.3321077e-01
   6.6237724e-01  -7.9518442e-01
   8.4467619e-01   9.1823381e-01
  -3.4595141e-01  -6.9419600e-01
   6.0813853e-01  -6.9492384e-01
   7.6500667e-02  -6.8889482e-01
  -7.3410242e-02  -8.2086119e-01
   6.4150050e-01  -9.1150877e-02
   9.0381301e-01   3.3779139e-01
  -8.4745422e-01   6.6260336e-01
   4.1734213e-01   5.8047027e-01
  -5.3014711e-01   4.2542184e-01
  -2.0220888e-01  -5.4804990e-02
  -4.6375115e-01   4.1717630e-01
   6.6502663e-01   9.1611896e-01
   9.9074762e-01   1.1551125e-02
   2.9950197e-01  -3.8989377e-01
   4.0790566e-01   5.7962237e-01
   8.6460640e-01  -5.2722607e-01
   3.7530510e-01  -5.3139433e-01
   1.3670784e-01  -7.0601203e-02
