   1.7251217e-01
   3.2782178e-02
   3.8818018e-02
   3.8221856e-04
   4.1280772e-02
   5.4640514e-02
   3.7848518e-04
   3.2047647e-03
   8.8139622e-03
   5.1605060e-01
   5.2995668e-01
   3.0945261e-01
   2.4022120e-03
   2.1886471e-01
   9.0479090e-02
   4.9575430e-01
   1.3836053e-01
   6.4869257e-05
   7.8471644e-01
   1.5796335e-04
   1.7230809e-01
   2.4753757e-01
   2.7065390e-02
   2.6411214e-01
   2.7247500e-01
   2.1357283e-02
   1.8684427e-01
   4.6641060e-01
   3.9078424e-01
   2.7308209e-01
   5.2733270e-03
   3.1210795e-02
   3.8716754e-02
   5.3810834e-02
   3.3145307e-01
   1.6240263e-01
   1.2761261e-01
   2.9264600e-01
   4.1068650e-01
   6.4053120e-02
   4.8972220e-01
   1.6044741e-01
   4.3238538e-01
   4.2488983e-01
   1.3743680e-01
   2.0221200e-01
   4.3766109e-01
   4.5469328e-02
   5.4709176e-02
   1.9287931e-03
   1.7334418e-01
   2.9022648e-03
   4.4002891e-02
   9.9616037e-02
   8.9913700e-04
   1.4073899e-01
   3.7830974e-02
   4.3278668e-03
   1.5292426e-01
   1.4405604e-04
   7.2381053e-01
   2.3496883e-01
   5.0103649e-01
   1.4543708e-01
   2.7559398e-01
   6.3860937e-01
   4.1777879e-01
   2.4152529e-01
   5.5087535e-01
   5.8126418e-03
   3.3272409e-01
   1.7947081e-04
   6.7183164e-01
   7.3268769e-02
   1.3842237e-01
   1.5310933e-02
   3.9851933e-01
   5.9641527e-03
   2.0197763e-01
   6.0311599e-03
   1.8562061e-01
   1.1618432e-04
   3.3997267e-04
   6.6381587e-02
   6.7948921e-02
   7.3043360e-01
   2.2579689e-02
   1.4527598e-02
   4.6470977e-04
   2.0875447e-01
   4.2220925e-03
   3.6476775e-01
   2.3006135e-01
   2.0775367e-01
   1.2649953e-03
   1.5439272e-03
   6.4499648e-01
   4.9000784e-01
   2.6373725e-02
   1.6309893e-01
