   1.8548662e+00   3.7614495e+00
   2.7570671e+00   2.0620700e+00
   2.6475416e+00   1.7882724e+00
   3.5756220e+00   1.0030868e+00
   2.5625778e+00   1.5471434e+00
   2.5767902e+00   1.9316287e+00
   3.5454983e+00   8.1053989e-01
   3.1373940e+00   3.9272536e+00
   3.0753366e+00   1.9267052e+00
   7.2780100e-01   3.2742150e+00
   1.0551312e+00   3.3253606e+00
   7.3016271e-01   1.1566530e+00
   3.4134012e+00   2.6726559e+00
   1.7118232e+00   1.2538964e+00
   1.9799694e+00   7.5919565e-01
   5.7338354e-01   1.8061138e+00
   3.9311039e-01   5.5046220e-01
   3.8561237e+00   7.0611301e-01
   8.8605978e-01   2.2593580e+00
   3.7544770e+00   1.0825573e+00
   1.1760309e+00   3.9607947e-01
   5.7954967e-01   3.9782438e+00
   2.7884554e+00   3.0551710e+00
   6.1201162e-01   3.9342699e+00
   5.3002009e-01   3.8201134e+00
   2.8721249e+00   2.0449487e+00
   3.0761813e-01   3.9538817e+00
   8.8037197e-01   3.4558081e+00
   1.3158362e+00   1.4435848e+00
   1.4663477e+00   3.8214235e+00
   2.9419332e+00   7.2050012e-01
   2.4156104e+00   7.3391300e-01
   2.2062147e+00   3.0257303e-01
   2.4361208e+00   1.4216788e+00
   3.1828804e-01   1.6659709e+00
   1.6032684e+00   7.4526215e-01
   2.3155184e+00   2.9340753e+00
   6.4063700e-01   3.8428009e+00
   1.3075983e+00   1.4924664e+00
   2.4856937e+00   3.2192400e+00
   3.1712110e-01   2.7844978e+00
   4.1377772e-01   7.0557306e-01
   1.6938165e+00   2.9786614e+00
   9.1240665e-01   3.5656278e+00
   1.4330318e+00   3.0182457e-01
   1.2989056e+00   6.7719128e-01
   1.4366757e+00   1.6704209e+00
   2.4608811e+00   3.6843500e+00
   2.2925186e+00   3.9962586e+00
   3.2254817e+00   9.3082739e-01
   1.6790601e+00   9.3868413e-01
   3.0824342e+00   6.8136051e-01
   2.7145427e+00   2.5427465e+00
   2.3421746e+00   1.8239936e+00
   3.4484032e+00   1.2463962e+00
   1.8734200e+00   1.0462339e+00
   2.4252823e+00   9.9445020e-01
   3.1425396e+00   3.5699581e+00
   2.2962035e+00   2.6362310e+00
   3.9418002e+00   2.6029778e+00
   6.9066513e-01   2.7355941e+00
   1.4137177e+00   9.5521254e-01
   1.7054591e+00   2.6156402e+00
   2.0490489e+00   3.5428859e+00
   1.1235043e+00   9.5935102e-01
   1.4867472e+00   2.6886234e+00
   1.1393484e+00   3.5712518e+00
   3.8050386e-01   1.2269101e+00
   3.5725152e-01   2.4690183e+00
   3.2002445e+00   2.1014304e+00
   3.6899423e-01   3.4046193e+00
   3.6400905e+00   4.9119955e-01
   1.0274375e+00   3.0360485e+00
   2.5534285e+00   2.3517094e+00
   2.2346231e+00   1.8890480e+00
   2.9149022e+00   3.1849734e+00
   1.6068261e+00   1.7676691e+00
   3.1079092e+00   1.6217475e+00
   2.1706301e+00   2.7400481e+00
   3.1333653e+00   1.7584360e+00
   1.6413682e+00   9.6036690e-01
   3.7225650e+00   5.0089161e-01
   3.6340671e+00   1.2143486e+00
   2.3413451e+00   3.6367094e+00
   2.2277927e+00   3.9350394e+00
   9.6239109e-01   2.0912033e+00
   2.5530160e+00   8.3557342e-01
   2.9934526e+00   2.1931663e+00
   3.5409836e+00   3.9760522e+00
   2.0512907e+00   3.1215049e+00
   3.0831910e+00   3.8742880e+00
   9.6987870e-01   3.7405580e+00
   3.7894229e-01   1.1750151e+00
   7.7830428e-01   6.6083198e-01
   3.4821932e+00   1.8161650e+00
   3.2478245e+00   7.8533865e-01
   9.9409122e-01   3.0918969e+00
   9.3349552e-01   1.5879816e+00
   2.7996031e+00   1.9641998e+00
   1.7796097e+00   1.0375413e+00
