   1.0158829e+00   1.6635094e+00
   1.4361746e+00   2.8354229e+00
   2.8639317e+00   6.6706781e-01
   2.6323304e+00   4.7629330e-01
   1.2243488e+00   3.5165429e+00
   4.6066147e-01   2.7119093e+00
   2.2663704e+00   2.5586972e+00
   9.5194536e-01   1.8611991e+00
   2.2310375e+00   2.1637173e+00
   3.5237439e+00   9.0732142e-01
   2.5703675e+00   6.4473688e-01
   1.3042988e+00   2.8357020e+00
   3.4617966e+00   8.2788380e-01
   8.8260252e-01   2.2562331e+00
   1.2598490e+00   3.1321926e-01
   2.7811478e+00   1.8727138e+00
   1.1360424e+00   1.1300613e+00
   3.3560762e+00   2.7417859e+00
   1.4991562e+00   2.1614770e+00
   2.1070303e+00   2.5202118e+00
   3.1257779e+00   1.0406425e+00
   3.0293994e+00   8.0838377e-01
   2.6532960e+00   3.8801941e-01
   1.2218215e+00   3.7763080e+00
   3.0169723e+00   2.8733549e+00
   1.5561690e+00   2.3506628e+00
   1.4202410e+00   1.3930329e+00
   7.7042536e-01   4.5773747e-01
   3.3751911e-01   3.4589128e+00
   3.7222365e+00   2.5077238e+00
   3.6670229e+00   3.6854908e-01
   1.7139473e+00   3.7528066e+00
   2.8951506e+00   3.3621680e-01
   2.7876651e+00   2.6715355e+00
   7.7239428e-01   3.2181359e+00
   1.0435854e+00   2.2480609e+00
   3.6404582e+00   1.3776191e+00
   3.5997943e+00   2.6248156e+00
   1.6974224e+00   1.8742341e+00
   1.2257137e+00   2.3215703e+00
   2.5299955e+00   1.0059492e+00
   2.6141670e+00   3.0546087e+00
   3.7282669e-01   1.0875680e+00
   3.3330106e+00   6.7045309e-01
   2.2163949e+00   3.6166244e+00
   3.6649067e+00   3.3426468e+00
   7.3891238e-01   3.5662999e+00
   3.8007515e+00   6.2605989e-01
   3.7300658e+00   2.8906943e+00
   6.5077854e-01   9.2982963e-01
   1.8364523e+00   3.3822638e+00
   1.4945906e+00   2.9938112e+00
   3.4311382e+00   3.1708042e+00
   3.8074162e+00   3.1249324e+00
   2.9981161e+00   5.1126802e-01
   2.8302440e+00   2.5564366e+00
   2.6732241e+00   3.6243457e+00
   1.4687656e+00   2.2096837e+00
   3.0089431e+00   2.1728347e+00
   8.8329912e-01   1.2457813e+00
   3.1122616e+00   3.8949316e+00
   6.4006664e-01   2.4501585e+00
   3.8803198e+00   3.8830297e+00
   2.5531755e+00   4.5332198e-01
   3.6113240e+00   9.9792445e-01
   1.0183422e+00   2.2231122e+00
   3.9558144e+00   2.6711595e+00
   1.1928650e+00   1.5607059e+00
   1.1266575e+00   2.6988203e+00
   1.7873924e+00   1.6151205e+00
   3.1893536e+00   3.4465911e+00
   3.4050844e+00   2.3083773e+00
   1.8151492e+00   2.7903963e+00
   1.7888820e+00   1.2493185e+00
   3.1554751e+00   7.4895162e-01
   1.2217613e+00   4.5024385e-01
   3.5032419e+00   3.5853896e+00
   2.8240884e+00   3.0867931e+00
   3.9163540e+00   3.2676930e+00
   9.8643845e-01   1.9332008e+00
   1.0998762e+00   5.7813857e-01
   1.4578109e+00   8.7064988e-01
   3.0824445e+00   1.2148033e+00
   1.6606254e+00   5.9313615e-01
   2.5364872e+00   3.4566904e+00
   1.7187091e+00   8.8155436e-01
   2.3368050e+00   2.5816519e+00
   1.7261370e+00   2.2552648e+00
   2.7621096e+00   1.0075133e+00
   3.5444241e-01   3.1110778e+00
   3.3085605e+00   2.5754942e+00
   1.5944671e+00   8.6263535e-01
   2.9474074e+00   1.9821586e+00
   3.8479071e+00   2.8237611e+00
   2.1774433e+00   1.3406587e+00
   2.7648224e+00   2.6119935e+00
   1.8890221e+00   3.7844015e+00
   3.4431446e+00   2.3971723e+00
   2.7206635e+00   2.8645277e+00
   2.1657537e+00   3.9207697e+00
