   5.2626156e-01
   6.2990359e-01
   6.7955646e-03
   1.3149929e-02
   4.2577711e-01
   6.0052818e-01
   1.6714685e-01
   6.2043042e-01
   1.6732227e-01
   4.5853859e-04
   1.8293682e-02
   6.9441834e-01
   5.8393009e-04
   7.8314667e-01
   1.5625311e-01
   2.6294047e-02
   3.1906020e-01
   3.0856778e-03
   5.9292478e-01
   2.4458850e-01
   3.2737436e-03
   4.0057268e-03
   1.1482936e-02
   3.3651429e-01
   1.2773350e-02
   6.0045978e-01
   3.4555994e-01
   1.7663176e-01
   3.0420070e-01
   5.0399576e-04
   1.4181212e-04
   2.1688321e-01
   4.6845491e-03
   3.3296841e-02
   5.5342075e-01
   7.8996691e-01
   3.8124257e-04
   9.5466404e-04
   3.8630536e-01
   7.7147319e-01
   2.8041098e-02
   4.8994460e-02
   2.1120581e-01
   9.5151085e-04
   9.3068627e-02
   4.3123427e-04
   3.9970327e-01
   8.3201333e-05
   4.2845744e-04
   2.4149593e-01
   2.5109207e-01
   5.4230177e-01
   1.6430601e-03
   2.3742482e-04
   3.5798089e-03
   2.9165601e-02
   2.4685804e-02
   6.2503837e-01
   1.3519596e-02
   3.5573394e-01
   3.6693968e-03
   7.3056170e-01
   8.0138403e-05
   1.6627560e-02
   3.1618222e-04
   7.8302623e-01
   1.3061193e-04
   4.6270888e-01
   7.9391885e-01
   2.7128006e-01
   3.9528585e-03
   2.4864649e-03
   4.0063465e-01
   1.9415713e-01
   2.2500799e-03
   1.7624947e-01
   7.9871236e-04
   2.3239862e-02
   1.1312981e-04
   6.5722838e-01
   2.0232225e-01
   2.1036625e-01
   4.5871276e-03
   1.3364868e-01
   4.4602337e-02
   1.5619856e-01
   1.3877386e-01
   4.6846049e-01
   1.3077446e-02
   4.1895418e-01
   4.0198466e-03
   1.8096087e-01
   1.5353597e-02
   2.3018188e-04
   9.8259943e-02
   3.6614256e-02
   1.5920390e-01
   2.1121480e-03
   3.8850854e-02
   7.9824570e-02
