   3.1218993e+00   1.7805801e+00
   2.5900777e+00   3.3316027e+00
   1.4646960e+00   2.8610477e+00
   3.2658991e+00   3.6867626e+00
   3.1239405e+00   2.6736799e+00
   1.2092182e+00   2.7467266e+00
   2.1776517e+00   3.4980183e-01
   8.4397141e-01   3.4953396e+00
   7.7988506e-01   9.9614658e-01
   2.7444221e+00   1.2792836e+00
   5.7095545e-01   9.7035357e-01
   1.0457873e+00   2.2969343e+00
   3.4477648e+00   2.2189478e+00
   2.5044433e+00   2.8932078e+00
   2.8060551e+00   3.2029269e+00
   3.8703318e+00   1.2454372e+00
   3.2801349e+00   3.6859524e+00
   3.0789111e+00   1.5120867e+00
   3.2542268e+00   9.5329071e-01
   1.3133311e+00   1.1469502e+00
   1.8276335e+00   8.1629319e-01
   1.3116632e+00   2.4265627e+00
   1.0949611e+00   2.6760820e+00
   1.3530602e+00   1.2214143e+00
   2.8327801e+00   2.4838135e+00
   1.9086144e+00   1.6345393e+00
   2.3711197e+00   2.9624550e+00
   1.0427067e+00   1.5416240e+00
   2.5566515e+00   2.0686684e+00
   3.2181726e+00   1.1281896e+00
   5.2728934e-01   1.8703590e+00
   3.9592418e+00   2.6006433e+00
   2.5996752e+00   6.3770512e-01
   3.9052186e+00   8.5188975e-01
   3.4623149e+00   8.5326179e-01
   4.4558932e-01   6.2846242e-01
   1.9482604e+00   2.8084847e+00
   1.4958984e+00   2.3456072e+00
   8.7335078e-01   3.2818259e+00
   3.5337749e+00   1.7800688e+00
   1.6029022e+00   2.4235996e+00
   1.7792549e+00   1.3051550e+00
   3.6711640e+00   2.5440530e+00
   1.7732591e+00   3.6784384e+00
   2.0572526e+00   2.4157134e+00
   3.6082475e+00   3.9453549e+00
   2.8437888e+00   3.6689114e-01
   2.7419727e+00   2.0051153e+00
   3.1665487e+00   2.1644044e+00
   3.2916341e+00   2.9423974e+00
   1.4764839e+00   2.8552098e+00
   3.3531847e-01   3.9729622e+00
   3.6827005e+00   1.2945738e+00
   6.6084614e-01   2.3390877e+00
   3.4979762e+00   5.1865032e-01
   3.8438502e+00   1.2305903e+00
   3.5005520e+00   2.2912813e+00
   2.7934205e+00   2.1044895e+00
   2.3578068e+00   1.4263166e+00
   1.9700112e+00   8.2137016e-01
   1.5207883e+00   1.5657330e+00
   6.2534534e-01   3.4044433e+00
   1.5268331e+00   2.6308802e+00
   3.4374371e+00   1.2102979e+00
   6.0194388e-01   2.0705019e+00
   8.1768783e-01   3.9745175e+00
   1.3629328e+00   2.9883739e+00
   3.3636883e+00   4.0793266e-01
   2.3527310e+00   2.3450079e+00
   1.4853795e+00   2.6632470e+00
   3.1848030e+00   1.6991575e+00
   3.5464555e+00   1.2438274e+00
   2.4120254e+00   2.3656602e+00
   2.3700805e+00   3.0924799e+00
   2.9296008e+00   6.5678608e-01
   1.5288676e+00   1.8434426e+00
   3.7694029e+00   2.1383133e+00
   7.3464025e-01   3.4762856e+00
   3.2386071e+00   2.5024839e+00
   1.5207001e+00   2.6661850e+00
   7.2393503e-01   5.1604349e-01
   2.3331848e+00   2.0948363e+00
   2.7077524e+00   7.7705634e-01
   2.5685223e+00   2.7891300e+00
   3.0819452e+00   3.1379648e+00
   9.0171070e-01   7.5530314e-01
   3.1601432e+00   2.9571080e+00
   3.1543691e+00   2.8285012e+00
   3.4621976e+00   4.2455681e-01
   2.3079731e+00   3.7408872e+00
   2.4990386e+00   2.2658570e+00
   1.2735957e+00   1.0524504e+00
   2.1342624e+00   2.4097851e+00
   3.9682576e+00   2.8504265e+00
   7.9789194e-01   1.2787229e+00
   1.5234912e+00   1.9062847e+00
   3.5598831e-01   3.1911442e+00
   3.2982951e+00   3.7163945e+00
   2.9921251e+00   1.7579478e+00
   3.2637639e+00   1.7430689e+00
