   6.4520060e-03
   4.2182466e-02
   6.0568903e-01
   2.2585377e-03
   8.9306020e-03
   7.5913367e-01
   4.2906167e-02
   4.4549622e-01
   2.7522281e-01
   1.7728092e-02
   2.3500356e-01
   8.0396152e-01
   1.9544945e-03
   7.6775874e-02
   2.2618426e-02
   9.5243954e-05
   2.1185631e-03
   6.1007289e-03
   1.7287897e-03
   2.9909788e-01
   1.2493634e-01
   7.5281210e-01
   8.0505200e-01
   3.1141890e-01
   2.8966283e-02
   2.2471824e-01
   1.0792746e-01
   4.7117539e-01
   6.3952172e-02
   2.3677286e-03
   5.0095632e-01
   1.3001783e-04
   1.6577286e-02
   5.5151081e-05
   5.9498246e-04
   1.5637505e-01
   3.1416586e-01
   6.3896456e-01
   5.4331926e-01
   9.4781500e-04
   5.7656623e-01
   2.0735359e-01
   6.6278848e-04
   2.1244079e-01
   2.7089953e-01
   3.3763193e-04
   5.8064629e-03
   3.3289395e-02
   6.9712433e-03
   3.7537717e-03
   6.0089500e-01
   1.9078640e-01
   2.8228508e-04
   7.2709749e-01
   3.8044786e-04
   1.0932702e-04
   1.5480776e-03
   2.9563580e-02
   6.7256359e-02
   9.7134775e-02
   3.6782530e-01
   4.3064043e-01
   6.2247713e-01
   9.1820915e-04
   6.1645803e-01
   2.8667775e-01
   6.0937136e-01
   6.7174770e-04
   1.3107000e-01
   6.4411381e-01
   4.5900598e-03
   5.4969000e-04
   1.1179765e-01
   9.8663386e-02
   5.2535132e-03
   4.6350608e-01
   3.5076797e-04
   4.3286037e-01
   5.5514918e-03
   6.2113686e-01
   1.8041371e-01
   1.2394482e-01
   1.2984710e-02
   6.6541597e-02
   8.1571165e-03
   2.3336319e-01
   6.6771648e-03
   7.3744142e-03
   4.2283812e-04
   6.5961840e-02
   8.4237835e-02
   2.8156776e-01
   2.2863417e-01
   1.1275388e-04
   3.5666691e-01
   4.8972650e-01
   3.9370116e-01
   1.8963325e-03
   1.0796379e-02
   3.3551155e-03
