   1.2179292e+00
  -3.5195298e-02
  -4.2022835e-01
   7.2163894e-01
   1.1666271e+00
   5.7000153e-01
  -4.2569772e-02
  -1.4533585e-01
  -9.1277813e-01
  -1.4542494e-01
  -4.2912138e-02
   1.3006316e+00
   8.1219172e-01
   3.1881423e-01
  -1.4418961e+00
  -1.2780113e+00
   1.7722230e-01
  -1.5194567e-01
   1.7493276e-01
  -1.1083830e+00
   2.3254546e-01
   3.8539975e-01
  -5.9699648e-02
  -1.2193921e+00
   8.3048724e-01
   9.6870705e-01
  -7.8304660e-01
   2.8908109e-02
  -9.9691696e-01
  -9.1227261e-01
   1.0209257e+00
  -1.0575824e+00
  -8.1207381e-01
   1.0905730e+00
   2.5304227e-01
   2.5397100e-01
   1.5591527e+00
  -1.4028912e+00
   1.3163702e+00
   1.2254794e+00
  -1.0652326e+00
  -1.2052012e+00
   4.4574402e-01
  -1.1888758e+00
  -1.0005866e+00
  -5.3213101e-01
  -3.7636976e-01
  -1.4515188e+00
   6.4916535e-01
   1.8648329e-01
   1.3917618e+00
  -1.0805818e+00
   1.0100270e+00
   4.3930761e-01
   5.0732892e-01
  -4.3238538e-01
  -1.0019633e-01
  -1.0706823e+00
   1.0839884e+00
  -1.9728235e-01
   6.5129511e-01
   7.9233209e-01
  -7.7496284e-01
   3.6759598e-01
  -4.7582290e-01
   8.3243217e-01
  -1.2614827e+00
   1.6669175e+00
   1.0371203e+00
  -1.4460105e+00
   1.2214806e+00
   1.1106422e+00
   7.4999431e-01
   1.3010819e+00
  -1.3721379e-01
  -4.5908659e-01
  -1.1480674e+00
   1.6403493e+00
   1.2258644e+00
  -1.4654319e+00
   6.7603673e-01
   3.7232180e-01
  -2.8410569e-01
  -6.4530710e-02
  -4.3902398e-01
  -1.5661848e-01
  -1.4892195e+00
  -2.8416589e-01
  -1.3390236e+00
  -1.5821598e+00
   1.3022111e-01
   2.5484011e-01
   7.6035289e-01
  -6.6144626e-01
   8.1285419e-01
   7.0534330e-01
   1.2570696e-02
   1.2920965e+00
   6.6482068e-01
  -1.8904219e-02
