   7.7951518e-01   5.2301433e-01
  -1.8628659e-02   3.3408941e-01
  -3.7298455e-01   9.5622442e-01
   5.2428077e-01  -7.6585831e-01
   9.0905273e-01   7.3864651e-01
   2.9176756e-01   1.3571043e-01
  -2.9360884e-02  -7.5969748e-01
  -1.2363626e-01   9.4065884e-01
  -6.2723588e-01   6.7993329e-01
  -1.1373141e-01  -8.7536671e-01
  -2.3760399e-02  -4.4385489e-01
   7.2226292e-01  -1.8074003e-01
   4.3291175e-01   2.5361753e-01
   2.4066535e-01   8.3820619e-01
  -8.2045273e-01  -1.6969662e-01
  -7.7647706e-01   4.2300032e-01
   1.5117857e-01   9.4174950e-01
  -7.6685072e-02  -1.2905595e-01
   9.0898671e-02   2.7076389e-01
  -9.2397548e-01   8.0311010e-01
   1.5857236e-01   7.4316738e-01
   2.5795575e-01  -7.1456814e-01
  -3.6145242e-02  -5.9880489e-01
  -6.7894603e-01   2.4185600e-01
   5.0875776e-01   5.5005838e-01
   5.8699191e-01  -5.0637797e-01
  -4.1726149e-01  -2.6109558e-01
   1.5216605e-02  -3.1780509e-01
  -5.2401512e-01  -8.7220995e-02
  -6.1463075e-01  -6.5835258e-01
   6.1739418e-01   4.9121193e-01
  -8.6665343e-01  -8.0404416e-01
  -6.0827507e-01   7.8053883e-01
   9.4956374e-01  -8.3581167e-01
   1.5018088e-01   5.6304530e-01
   1.6642719e-01   6.9735567e-01
   9.0004330e-01  -9.8245239e-02
  -7.9992159e-01   2.1065054e-01
   7.5746763e-01  -2.9105992e-01
   7.8290123e-01   5.1819091e-01
  -5.7192645e-01   1.7888171e-01
  -6.6609500e-01   2.2313992e-01
   2.9225098e-01   6.8634131e-01
  -6.3931290e-01  -8.6024192e-02
  -7.6690000e-01   7.6557943e-01
  -2.6933191e-01  -1.2854701e-02
  -1.9524984e-01   2.4570130e-01
  -8.2038022e-01   1.2433021e-01
   3.6753615e-01   4.4332175e-01
   9.3788493e-02   9.3539815e-02
   9.7191753e-01   5.6888283e-01
  -5.7450085e-01  -1.0729477e-01
   8.3798106e-01   8.2381593e-01
   3.3032332e-01  -8.2682590e-01
   4.8695656e-01   9.9787471e-01
  -2.4308518e-01   4.5516219e-01
  -5.0463340e-02   1.1681335e-01
  -7.8747656e-01  -7.1435174e-01
   7.6756825e-01   6.7527386e-01
  -1.0979353e-01   4.5049469e-01
   3.3645668e-01  -1.6524062e-01
   4.5643161e-01  -4.5365863e-01
  -4.2871341e-01  -3.7058484e-01
   1.8737349e-01   1.6339208e-01
  -2.5893951e-01   3.7871653e-01
   5.9127526e-01   7.2773527e-01
  -8.5293102e-01  -5.7828255e-01
   9.8547526e-01   1.3503238e-02
   5.5205875e-01  -1.4990052e-01
  -9.8525909e-01  -5.2059984e-01
   7.7789684e-01   5.1504650e-01
   7.2824995e-01   5.8382382e-01
   3.9518748e-01  -2.2824021e-01
   7.6998417e-01  -3.6389126e-01
  -6.8710906e-02  -3.8149698e-02
  -2.5688310e-01  -4.4298816e-01
  -8.3395679e-01  -6.8392765e-01
   9.9443711e-01  -2.0918398e-01
   7.3965972e-01  -4.2908790e-01
  -9.9985948e-01  -5.1389871e-01
   3.5995344e-01   2.8503931e-01
   3.0976013e-01   9.1384747e-01
  -1.7637392e-01  -6.2732894e-01
  -4.7263260e-02   8.1903383e-01
  -2.2345799e-01   1.3748089e-01
  -9.5885905e-02  -6.1296706e-01
  -9.4648032e-01   4.0847688e-01
  -1.4942723e-01   3.0315891e-01
  -7.8838942e-01  -3.3620614e-01
  -9.1377747e-01   4.3137341e-02
   1.1224442e-01  -9.5047312e-01
   2.2257409e-01  -9.5545416e-01
   4.7766451e-01   5.9704867e-01
  -4.8616145e-01  -7.8437548e-01
   4.5251787e-01   3.7761409e-01
   4.2650587e-01   5.5005138e-01
   7.5290436e-03   5.8298788e-01
   7.8553916e-01   4.1893808e-01
   5.5877041e-01   8.9307580e-01
  -1.0279671e-02  -4.0396039e-01
