   3.6267343e+00   3.3708701e+00
   2.6993756e+00   2.3987194e+00
   3.9368070e+00   1.2621605e+00
   9.0611538e-01   3.2027686e+00
   2.1862114e+00   9.2605974e-01
   2.6211892e+00   1.3147559e+00
   3.2600034e+00   3.1814182e-01
   1.8457456e+00   1.7709766e+00
   5.0288740e-01   3.9824075e-01
   2.2208335e+00   3.4623865e+00
   7.9776890e-01   1.0580992e+00
   1.6578054e+00   3.4832972e+00
   2.8774973e+00   5.0766142e-01
   7.7945904e-01   1.1269936e+00
   3.2076433e+00   4.6753792e-01
   4.8614320e-01   3.0786696e+00
   3.3177774e+00   2.8828086e+00
   3.5076738e+00   3.6995152e+00
   1.0285169e+00   3.6630136e+00
   2.5473571e+00   3.2804383e+00
   3.9877151e+00   3.9988065e+00
   4.5678501e-01   3.2628352e+00
   8.1364511e-01   1.4947867e+00
   1.1249297e+00   3.9303496e-01
   2.4571388e+00   3.0114468e+00
   2.7830940e+00   2.0493108e+00
   2.9758251e+00   1.7525771e+00
   2.1664225e+00   3.4820519e+00
   2.6851320e+00   5.1260810e-01
   4.3456656e-01   1.7228170e+00
   1.0172518e+00   8.2480956e-01
   3.0733191e+00   4.6902117e-01
   1.4402600e+00   2.8825805e+00
   3.0714930e+00   3.6799926e+00
   3.4525381e+00   1.7191188e+00
   6.6761526e-01   1.1995100e+00
   2.5117793e+00   3.6562616e+00
   2.9662283e+00   2.8974663e+00
   2.4042412e+00   3.6138602e+00
   1.1699073e+00   3.8075022e+00
   3.6693540e+00   3.7657602e+00
   3.8172931e+00   3.9881105e+00
   2.2103666e+00   1.7686871e+00
   2.9162261e+00   2.7417649e+00
   3.2555422e+00   3.3449161e+00
   1.0388507e+00   2.6027569e+00
   6.9530991e-01   2.8918734e+00
   2.5887269e+00   2.1112059e+00
   3.8222858e-01   2.1826222e+00
   4.3897956e-01   3.1849392e+00
   7.2684725e-01   4.4979737e-01
   3.3291798e+00   3.6337274e+00
   1.6945271e+00   3.0085692e+00
   1.1478784e+00   2.5783974e+00
   1.6621177e+00   3.0941958e+00
   9.4579957e-01   1.3525286e+00
   3.1666847e+00   1.0631217e+00
   1.5211133e+00   2.7130890e+00
   1.4683865e+00   3.7340438e+00
   2.9809715e+00   3.2769220e+00
   2.4643334e+00   1.5966134e+00
   3.1776954e+00   1.2996971e+00
   1.6304326e+00   3.0550855e+00
   9.8351211e-01   2.9750708e+00
   2.4226497e+00   3.4698653e+00
   2.0874500e+00   3.6996315e+00
   1.8600197e+00   1.2953310e+00
   1.4741032e+00   2.8461616e+00
   3.8985146e+00   2.5865891e+00
   1.2554238e+00   5.6474785e-01
   2.3982696e+00   9.9707347e-01
   1.6026475e+00   1.5416070e+00
   1.4545096e+00   1.4508695e+00
   3.3477113e-01   1.8547549e+00
   2.7720717e+00   6.2463356e-01
   3.5770444e+00   2.3715134e+00
   1.8588756e+00   2.7702134e+00
   3.4767462e+00   7.2661634e-01
   3.8075722e+00   1.4679434e+00
   1.6915951e+00   3.9289465e+00
   1.0521850e+00   3.5777173e+00
   9.6292713e-01   3.8420582e-01
   1.4332881e+00   3.4941564e+00
   3.4461542e+00   1.2064764e+00
   2.2447294e+00   1.9043264e+00
   3.3652363e+00   8.0089195e-01
   6.9544290e-01   1.0977200e+00
   2.5834255e+00   3.1664970e+00
   2.3972581e+00   6.2258917e-01
   1.2654638e+00   1.7813980e+00
   3.0854001e-01   2.4834106e+00
   1.3628437e+00   1.0271372e+00
   3.3386993e+00   2.8782061e+00
   3.6119270e+00   2.4939865e+00
   3.9844893e+00   2.0175029e+00
   3.3122209e-01   1.1922733e+00
   3.0115200e+00   1.8272507e+00
   6.1308389e-01   3.1508295e+00
   2.6433897e+00   4.3075390e-01
   3.2788198e+00   2.5479361e+00
