   5.1472983e-04
   4.6018543e-02
   6.5729704e-05
   5.8517856e-01
   6.6585201e-02
   2.7719707e-02
   1.0150977e-03
   2.8244841e-01
   1.3904072e-01
   1.0595243e-01
   2.9274316e-01
   2.9939449e-01
   5.6973439e-03
   3.0874564e-01
   1.4341123e-03
   5.0033021e-01
   3.4491332e-03
   7.0397620e-04
   3.9143886e-01
   5.0431744e-02
   3.8541394e-05
   4.1779157e-01
   4.3695462e-01
   1.7458079e-01
   8.1857940e-02
   2.9655043e-02
   1.1465344e-02
   1.1851727e-01
   1.1349139e-02
   4.0263339e-01
   2.4953489e-01
   2.5515826e-03
   6.1186761e-01
   5.2808912e-03
   1.3493317e-03
   3.0969204e-01
   4.0097722e-02
   1.5420588e-02
   5.7030343e-02
   3.3391426e-01
   2.8705475e-04
   1.0462128e-04
   1.3320179e-01
   2.0205440e-02
   3.2257011e-03
   8.2481877e-01
   6.7329096e-01
   5.9307628e-02
   5.2489021e-01
   4.3733601e-01
   1.7176500e-01
   1.7722824e-03
   4.2321531e-01
   8.1115325e-01
   4.1535050e-01
   3.9618164e-01
   2.8013172e-03
   6.1200100e-01
   2.9491438e-01
   1.0954147e-02
   5.8108636e-02
   3.3013899e-03
   4.4561090e-01
   7.0122298e-01
   6.1726840e-02
   1.1613624e-01
   1.8002553e-01
   6.0515227e-01
   1.8596782e-04
   1.8944455e-01
   4.0922459e-02
   3.2827605e-01
   3.5353197e-01
   3.9744665e-01
   9.1737325e-03
   1.0731650e-03
   3.7566571e-01
   4.9881660e-04
   1.6656938e-04
   1.9119535e-01
   4.2231259e-01
   1.7592030e-01
   3.7874770e-01
   8.7691742e-04
   1.3659765e-01
   9.0992687e-04
   2.8784103e-01
   4.9563460e-02
   3.0042919e-02
   5.4297412e-01
   5.1650630e-01
   2.6018355e-01
   3.1371202e-03
   9.0777471e-04
   9.4509599e-05
   2.1970529e-01
   1.0582460e-02
   5.3028690e-01
   1.2250856e-02
   4.6204915e-03
