  -9.4588773e-01
   8.9887843e-01
  -1.1505073e+00
   1.0738650e-01
   1.1397961e+00
   1.0752395e+00
   1.6077237e+00
  -4.8089946e-01
   9.1322386e-01
  -1.0024777e+00
   1.1207254e+00
   3.7336570e-01
  -1.3284968e+00
   3.2047015e-01
   1.1122417e+00
   1.1597256e+00
   9.6692292e-01
   4.4182417e-01
  -8.8056253e-01
  -1.5658784e+00
  -1.1998587e-01
  -1.0946521e+00
  -1.1754450e+00
  -3.1650964e-01
   6.4882513e-01
   9.6363974e-01
  -8.2515774e-01
   1.1784249e-01
   1.5161511e+00
  -9.2170112e-01
   6.0164191e-01
  -1.1118545e+00
   1.3241495e+00
   7.8085894e-02
   1.0367105e+00
   9.2534180e-01
   8.6056025e-01
  -1.5262283e+00
  -1.0906283e+00
  -8.7332346e-01
  -9.0337765e-01
   9.0086184e-01
   7.2490142e-01
  -5.7829650e-01
  -1.2189398e+00
   3.9704947e-01
   7.8241694e-01
   5.3452621e-01
  -1.0187551e+00
  -3.7891168e-01
   6.9662079e-01
   5.8596746e-02
   1.6321351e+00
  -7.0607113e-01
   1.3353240e+00
  -4.4309350e-01
  -1.2726509e+00
  -1.2005884e+00
   8.7867553e-01
  -4.1178995e-01
  -3.7065380e-01
  -7.5022270e-01
  -4.4437424e-01
  -8.5761988e-01
  -1.1409702e-01
   1.5003251e+00
  -3.8540819e-01
   1.5466110e+00
  -9.5130938e-01
   1.5006554e+00
   8.8393442e-01
   1.1895392e+00
   3.6281650e-01
  -1.4068597e+00
  -1.4311342e-01
   4.5391734e-01
  -1.3906493e+00
  -1.5756660e+00
  -6.6792073e-01
   1.4346898e+00
   5.1039816e-02
   1.0299564e+00
  -4.2176063e-01
   1.2896824e+00
   9.1045389e-02
   1.4139360e+00
  -8.0432570e-01
  -7.5115407e-01
   7.7588793e-01
  -4.7155892e-01
  -1.4794437e+00
  -4.2409239e-01
  -6.6020512e-01
  -3.8392447e-01
  -1.1744517e+00
  -1.0672437e+00
   3.0149088e-01
   2.1294986e-01
  -1.0249307e+00
   8.5400783e-01
