  -8.4678887e-01  -8.8756646e-01
   5.7433293e-01  -5.9655172e-01
  -6.1301001e-01   1.6504130e-02
   6.1855408e-02   5.1842972e-01
   8.4825956e-01  -7.0789582e-01
   9.7211293e-01   8.6214597e-01
   9.5058680e-01  -1.5610387e-01
  -3.9046229e-01  -8.8700253e-01
   5.0727681e-01   3.4840088e-01
  -5.8728977e-01  -4.4038254e-01
   7.2276143e-01   5.6017409e-01
   3.1568833e-01   9.2568243e-01
  -7.9558849e-01   3.7648967e-01
   1.6092961e-01  -3.1548796e-03
   9.2697656e-01  -8.0193508e-01
   6.8974530e-01  -4.2449751e-01
   5.0621380e-01   7.6224566e-02
   4.0609962e-01  -9.7733990e-01
  -5.0675270e-01  -4.3431303e-01
  -9.2011701e-01   1.7914258e-01
  -7.5773638e-02  -6.5590378e-01
  -7.6525238e-01  -6.5980367e-01
  -6.7676005e-01   3.5268559e-01
  -1.6048832e-01   1.3918886e-01
   3.3223071e-01   1.0334100e-01
   9.4630879e-01   9.3488197e-01
  -4.4069913e-01   2.5684380e-01
   6.2785930e-02  -3.5090056e-01
   8.6138532e-01   4.2031382e-02
  -6.6667519e-01   7.2987335e-01
   5.7849947e-01   9.8821647e-01
  -7.9406930e-01   6.7697646e-01
   7.6724539e-01  -3.0520570e-01
   4.4475226e-02   4.9881976e-01
   9.4825283e-01   8.7882567e-01
   5.1220839e-01   3.3616368e-01
   4.4514015e-01  -3.7594565e-02
  -9.9479762e-01  -4.2767385e-01
  -5.8877255e-01   1.9031161e-01
  -4.7926162e-01  -3.2718571e-01
  -8.4009059e-01   9.1910113e-01
   4.7065547e-01  -1.1584996e-01
   6.4530135e-01   9.2399242e-01
  -3.1321873e-01   3.5276724e-01
  -7.2772380e-01   4.1215567e-01
   3.3177885e-01   9.1538551e-01
   6.6088228e-01   8.7975388e-01
   3.4724174e-01   6.6751507e-01
  -7.2108180e-01  -6.8951736e-01
  -2.4234623e-01   6.6086435e-01
   3.5672588e-01  -7.1719354e-02
   3.1850185e-02  -4.0262314e-01
   9.5611075e-01   4.6610639e-02
  -4.6455060e-01   6.6326087e-01
   7.3382100e-01   7.8264706e-02
  -2.5249026e-01  -4.8033628e-01
  -7.2673931e-01  -2.9192315e-01
  -8.3461691e-01  -6.2652373e-01
   4.7764737e-01  -2.9868653e-01
  -2.5586439e-01  -6.2056293e-01
  -2.3896740e-01   6.7138188e-01
  -3.9565247e-01  -2.3169809e-01
  -4.1094919e-01  -9.8100056e-01
  -4.8037287e-01  -3.8195061e-01
  -7.3049969e-02   6.7349447e-01
   9.7570455e-01  -4.3732636e-01
  -2.2984824e-01   5.6268662e-01
   8.8646841e-01   6.3028498e-02
  -6.6599760e-01  -6.9217097e-01
   8.5000812e-01   5.0507368e-02
   5.0867474e-01  -4.3352042e-01
   7.1319887e-01   4.2973223e-01
   2.0477303e-01   4.6877857e-01
  -7.8526636e-01  -1.0072831e-01
  -8.9055486e-02  -6.3584513e-01
   3.0917942e-01  -7.2891915e-01
  -8.8493376e-01  -4.5445677e-01
  -9.5747425e-01   2.7128701e-01
  -4.2039652e-01   6.1237584e-01
   8.6295766e-01   3.3575465e-01
   2.8038715e-02  -4.2682171e-01
   7.5059686e-01  -7.1511687e-01
  -2.4380098e-01  -5.0824953e-01
   7.6902304e-01   3.8379403e-01
   6.9547740e-02  -8.5650631e-01
   7.8520547e-01  -2.6782497e-03
  -7.9447315e-01   9.7199555e-01
  -5.7590833e-01   8.0980129e-01
   4.0321148e-01   1.5041540e-01
  -2.7729834e-01   5.3303455e-01
  -9.9720857e-01   4.9353490e-01
  -2.3138332e-01   3.9066281e-01
  -3.5971418e-01   3.5463450e-01
  -2.1330923e-01  -4.3520034e-01
  -6.3749755e-01   1.6373596e-01
  -5.8124656e-01   2.3774458e-01
   1.8744927e-01   6.2847983e-01
   1.8893271e-01  -9.6802588e-01
  -6.5505944e-01  -5.7129479e-01
   8.6600313e-01   9.7573472e-01
