  -6.2095790e-02  -4.6001115e-01
  -8.2546993e-01   6.8796472e-01
   6.5743485e-01   4.8093676e-01
   3.7188942e-01   6.5220390e-01
  -4.6534989e-01  -6.3561551e-01
   9.3896713e-01  -8.6912763e-01
  -6.3245159e-01   2.2070052e-01
  -4.0011815e-01   4.0310562e-01
  -1.7763022e-01  -7.7676457e-01
  -5.2702163e-01  -8.0835254e-01
  -6.0988935e-01   1.9566754e-01
   4.1075856e-01   6.2446522e-01
  -6.3890349e-01   6.2915635e-01
   4.4665836e-02  -8.2112607e-01
  -4.0765635e-01   4.6255741e-01
  -7.4436223e-02   8.0771315e-01
   8.5046483e-01  -9.5536426e-02
  -5.6822172e-01  -8.5862465e-01
  -9.9798224e-01  -5.1744369e-01
   8.1321249e-01   4.6373012e-01
   3.6008389e-01  -9.1901677e-01
   2.9903611e-02  -1.5095447e-01
   4.4137762e-02   8.0430174e-02
  -7.9416284e-01   9.0765568e-01
   9.9376098e-01  -5.8218852e-01
  -2.8206236e-01  -7.6733581e-01
   2.5048520e-01   2.9244014e-01
  -2.1326696e-01  -7.8317782e-01
  -9.8467511e-01   9.6699385e-01
   9.0569868e-02  -5.0331192e-01
   1.8220749e-02   2.1271144e-01
  -5.0644216e-01   6.3339055e-01
  -9.0920945e-01   6.6010843e-01
   6.8345949e-01  -2.1921335e-02
  -9.0350016e-01   5.2145651e-01
  -3.6735901e-01   8.3021587e-01
   5.6683886e-01   8.0194991e-01
   9.4480012e-01  -5.7152498e-01
   1.7292816e-01   9.4122212e-02
   5.5608770e-01   5.6941896e-01
   4.5539489e-01  -6.1111781e-01
   3.0197359e-01   4.9377830e-01
   3.2923004e-01  -4.8883551e-02
   8.7755960e-01   1.6651716e-01
   7.0162531e-02  -4.7890384e-01
  -2.0311976e-01  -8.3035508e-01
   3.4091532e-01  -4.0373430e-01
  -1.1893106e-01   8.3425872e-01
  -7.3425211e-01  -5.8963615e-02
  -1.2159250e-01  -4.6106489e-01
   9.5285485e-02   5.2594095e-01
  -2.0972725e-01   5.4434421e-01
  -2.0345601e-01  -9.5740075e-01
   5.0269730e-01   7.5997238e-01
   4.4700692e-02   5.9634037e-01
  -1.9133933e-02  -3.5166952e-01
  -8.2264213e-01   3.3808883e-01
  -4.9829673e-01  -4.0741227e-01
  -1.0488195e-01   8.5990409e-01
   2.7592179e-01  -4.3607913e-01
   4.1889058e-01  -6.6224006e-01
   9.8523962e-01   4.9033321e-01
   8.6438974e-01  -4.5731297e-02
  -8.1554101e-01   3.0688908e-01
   9.0707995e-01   9.3315187e-01
  -6.7440868e-01  -3.7394502e-01
   9.4091017e-01  -8.4712108e-01
   1.9401333e-01   5.8283029e-01
  -5.1954576e-01  -2.6923204e-01
  -8.5940968e-01   1.7019878e-01
  -3.9991757e-01  -6.3332659e-01
   6.2708965e-01  -8.4616212e-01
  -8.4658025e-01  -6.9267447e-01
  -2.9105381e-01   6.5375198e-01
  -7.3597825e-01  -3.9808651e-01
  -6.8364074e-01  -2.3223102e-01
  -8.7570590e-01   3.0149789e-01
   4.0368696e-01   6.3474105e-01
  -8.2703661e-01   5.3253244e-01
   2.3357448e-01  -2.5164888e-01
  -6.5245683e-01  -6.2027504e-01
   3.0280213e-01   2.9300351e-01
  -2.6071880e-03  -9.9278939e-01
  -4.3097862e-01  -4.3422419e-01
   6.6111948e-01   2.7720119e-01
   6.3671976e-01   1.8414916e-01
   8.7633881e-01  -3.4942159e-01
  -9.9934781e-01   9.7790250e-01
   2.8077845e-01  -7.5352831e-01
  -9.8528861e-01   4.7175397e-01
  -7.8715779e-01  -6.8676596e-01
  -7.8641117e-01  -1.3070518e-01
  -2.6578191e-01   6.6448644e-01
  -5.2078460e-01  -2.8018088e-01
  -3.0771960e-01  -8.4752390e-01
  -5.0076033e-01   1.1385109e-01
  -2.2587137e-01  -4.5213955e-01
  -1.5792326e-01  -7.3589064e-01
   2.8015458e-01   3.9930970e-01
   5.7510595e-01  -2.8190185e-02
