  -1.1121006e-01
  -1.1354276e+00
   1.0835354e+00
   5.7758531e-01
  -7.2220071e-01
   1.0417593e+00
  -1.1535717e+00
  -7.1661092e-01
  -2.5203620e-01
  -6.9478148e-01
  -1.1236942e+00
   6.4789289e-01
  -9.6427122e-01
   6.0850136e-02
  -7.0959328e-01
  -1.0279864e-01
   1.4963195e+00
  -7.0331877e-01
  -1.4607243e+00
   1.2995463e+00
   4.2747585e-01
   5.9118281e-02
   8.7961584e-02
  -8.7817952e-01
   1.4000377e+00
  -4.0067336e-01
   4.7470024e-01
  -2.9998777e-01
  -9.4602094e-01
   1.5845974e-01
   3.5618212e-02
  -7.8195594e-01
  -1.2465317e+00
   1.2626551e+00
  -1.3622018e+00
  -4.8465139e-01
   7.4671478e-01
   1.3631838e+00
   3.4261192e-01
   8.8915507e-01
   7.2042652e-01
   5.2375913e-01
   6.4585660e-01
   1.5170848e+00
   1.2443642e-01
  -2.7217416e-01
   6.1493654e-01
  -1.5940200e-01
  -1.3377355e+00
  -2.1725517e-01
   1.6456638e-01
  -3.5620474e-01
  -2.3262514e-01
   6.9845712e-01
   7.3945758e-02
  -3.5923639e-02
  -1.3829079e+00
  -8.7762230e-01
  -1.3662228e-01
   4.9387636e-01
   6.4153539e-01
   1.4704190e+00
   1.5198080e+00
  -1.3881568e+00
   9.3785235e-01
  -1.1625660e+00
   1.0701488e+00
   3.2193806e-01
  -9.5720042e-01
  -1.4930257e+00
  -6.2766919e-01
   7.7792195e-01
  -1.1528015e+00
  -4.5558500e-01
  -1.2376378e+00
  -1.2293284e+00
  -1.4667072e+00
   6.3260366e-01
  -1.2680397e+00
   4.4833253e-01
  -9.8808293e-01
   5.7097422e-01
  -2.8489010e-03
  -7.5798124e-01
   1.1811229e+00
   1.1690171e+00
   1.4439344e+00
  -9.3997219e-01
   4.0417197e-01
  -1.4847960e+00
  -1.0955348e+00
  -1.4035703e+00
  -4.1355554e-01
  -9.5631741e-01
  -4.0092515e-01
  -9.5396903e-01
  -4.0290273e-01
  -2.3314401e-01
   5.0950301e-01
   1.0874152e+00
