   3.9276465e-01   5.7269486e-01
   2.7868309e+00   3.2311113e+00
   2.8062429e+00   1.4115717e+00
   1.7003575e+00   4.8624533e-01
   1.9074367e+00   1.5435387e+00
   2.2719111e+00   3.4907471e+00
   4.9213319e-01   8.6188653e-01
   1.1562300e+00   1.4453194e+00
   1.8764672e+00   2.2642233e+00
   8.2829680e-01   2.2954945e+00
   3.9560610e+00   3.2396420e+00
   3.4379356e+00   5.2484043e-01
   3.7338609e+00   3.4179261e+00
   3.5281317e+00   3.7448455e+00
   1.7600363e+00   3.1092591e+00
   1.6949547e+00   7.3791571e-01
   3.9523563e-01   7.6606765e-01
   3.1665543e+00   1.4100059e+00
   1.6031203e+00   1.6937455e+00
   1.0328372e+00   2.7280049e+00
   2.8506915e+00   3.4327298e+00
   1.0845599e+00   3.1804817e+00
   7.1251230e-01   2.8856713e+00
   3.7871374e+00   2.0712969e+00
   3.4641073e+00   1.7510722e+00
   3.4922810e+00   2.3319941e+00
   7.6573553e-01   2.5016038e+00
   1.1491172e+00   5.2059737e-01
   3.4242459e+00   3.7010783e+00
   3.2852537e+00   2.0855492e+00
   1.3229529e+00   5.7225877e-01
   1.4515797e+00   1.5683793e+00
   1.7082340e+00   2.3006485e+00
   1.8483635e+00   2.5388258e+00
   5.4395061e-01   3.1741027e+00
   3.8044527e+00   2.7474838e+00
   3.2239504e+00   2.7261399e+00
   2.7129280e+00   2.4379342e+00
   3.9085374e+00   1.3635496e+00
   7.8375538e-01   3.1760833e+00
   2.2085933e+00   2.2300832e+00
   2.2677423e+00   2.0412360e+00
   7.8791591e-01   7.5733007e-01
   2.6832909e+00   3.4148550e+00
   1.8070374e+00   8.7480104e-01
   2.8593693e+00   3.1365664e+00
   2.8724937e+00   4.7766496e-01
   1.4165122e+00   3.1252836e+00
   3.3786933e+00   1.5968802e+00
   3.1506951e+00   2.0015601e+00
   3.9514127e+00   4.7958162e-01
   2.5650471e+00   1.3852242e+00
   1.6528605e+00   3.0577816e+00
   8.5773614e-01   3.7263059e+00
   3.9100913e+00   3.0848094e+00
   2.9131755e+00   8.3728909e-01
   3.1363669e+00   1.5838387e+00
   9.5623956e-01   3.6068766e+00
   1.1899178e+00   8.2454820e-01
   3.6466068e+00   3.4493968e+00
   3.0150540e+00   2.0668777e+00
   3.5362949e+00   3.7262008e+00
   1.2906186e+00   2.3032149e+00
   3.4517515e+00   2.2539725e+00
   3.3648519e+00   3.4156796e+00
   3.5543333e+00   9.6468923e-01
   4.9887927e-01   1.3218258e+00
   1.2288125e+00   8.7834156e-01
   3.4589484e+00   3.2012023e+00
   3.8258866e+00   2.5702691e+00
   7.8687633e-01   2.6348966e+00
   1.4132517e+00   3.0058209e+00
   4.9206432e-01   7.3792399e-01
   2.3218340e+00   3.9037126e+00
   1.9157721e+00   7.6052895e-01
   1.0280527e+00   3.6363380e+00
   1.0571549e+00   5.9306563e-01
   6.3355470e-01   3.5342048e+00
   3.1672746e-01   2.5379827e+00
   9.9236610e-01   3.4359360e+00
   2.7099953e+00   2.9461589e+00
   2.5041792e+00   3.8515726e+00
   3.7864657e+00   1.0164041e+00
   2.6687506e+00   5.7803282e-01
   1.9619476e+00   6.1128961e-01
   1.6942455e+00   3.8559200e+00
   3.3252329e-01   3.8713929e+00
   1.1017381e+00   3.7494432e+00
   1.9398116e+00   2.8415553e+00
   1.5556625e+00   8.1168501e-01
   8.1852036e-01   2.6966741e+00
   6.2712124e-01   1.8077223e+00
   3.1380513e-01   2.9029604e+00
   3.2513618e+00   1.1314229e+00
   1.3865532e+00   3.9837194e+00
   2.9320037e+00   6.7512517e-01
   1.9409398e+00   3.3270156e+00
   1.3955294e+00   2.8376121e+00
   1.2696302e+00   1.7621286e+00
   1.3183951e+00   3.5981865e+00
