   1.4072807e-01
   2.3671168e-02
   1.6057538e-02
   1.1651676e-01
   2.0754437e-01
   9.0917092e-02
   1.9896152e-01
   4.2203262e-01
   3.6942748e-01
   7.8187371e-01
   9.1768928e-05
   5.1413915e-04
   2.7791008e-04
   6.0947061e-04
   3.5718813e-01
   1.4331281e-01
   1.6490661e-01
   3.8316861e-03
   3.7569980e-01
   7.9787003e-01
   1.5723475e-02
   5.9701870e-01
   6.8261673e-01
   3.0568412e-04
   1.3101081e-03
   1.6334919e-03
   7.8883071e-01
   1.9109082e-01
   1.0608048e-03
   3.9324755e-03
   1.8326324e-01
   3.9436986e-01
   4.8845991e-01
   4.0523114e-01
   4.9094252e-01
   3.0443381e-04
   5.6845112e-03
   4.4172678e-02
   8.5032025e-05
   5.7589845e-01
   1.8232578e-01
   1.4211915e-01
   2.2564074e-01
   2.8870740e-02
   1.3572659e-01
   1.9633599e-02
   5.6730948e-03
   5.2843665e-01
   1.7309045e-03
   6.7651003e-03
   3.1197921e-05
   3.5348946e-02
   4.3210870e-01
   3.6243619e-01
   1.3615548e-04
   6.4889976e-03
   5.1092865e-03
   4.1155236e-01
   2.4071389e-01
   4.3198934e-04
   1.2425374e-02
   5.9475291e-04
   7.4189965e-01
   1.9447589e-03
   1.8276511e-03
   4.1237126e-04
   3.0057925e-01
   2.4779301e-01
   1.3987838e-03
   2.8243469e-04
   7.8443335e-01
   5.7904783e-01
   1.7946854e-01
   5.4962417e-02
   1.0230082e-01
   4.0108689e-01
   2.0609108e-01
   3.8524462e-01
   5.2184512e-01
   4.8167303e-01
   3.8392896e-02
   3.4388125e-02
   1.2484008e-04
   1.2616751e-02
   8.3150084e-02
   2.0324420e-01
   2.0790209e-01
   3.5844402e-01
   3.1400572e-01
   1.8130433e-01
   7.8115498e-01
   5.1820472e-01
   4.5836273e-01
   2.0471937e-03
   2.5318945e-01
   5.2822801e-03
   2.1898744e-01
   6.5083071e-01
   5.3304885e-01
   3.7555636e-01
