   4.5513034e-01
   6.4792957e-01
   6.1453556e-01
   2.4517813e-01
   3.4014936e-01
   2.4527394e-02
   2.9170813e-01
   7.4717901e-01
   3.2564021e-02
   2.9601380e-01
   2.7912542e-03
   2.8934909e-01
   3.7489676e-01
   4.9924501e-01
   9.0252932e-03
   2.3048263e-02
   1.4271314e-02
   6.7185857e-01
   5.2911013e-05
   7.0180153e-01
   2.1357326e-01
   6.1961110e-01
   4.5295806e-04
   3.9910907e-01
   3.8204469e-01
   4.9940307e-01
   9.3686852e-05
   1.8761083e-01
   2.9829443e-01
   4.4053299e-02
   3.8153829e-02
   2.2296639e-01
   1.5675133e-02
   4.2970393e-01
   2.0908276e-01
   3.2623531e-01
   9.9538449e-02
   3.6718070e-04
   7.2148774e-02
   6.9379942e-02
   2.4909149e-02
   2.1625515e-01
   2.7119511e-01
   6.2499029e-02
   2.2568090e-02
   4.6955334e-03
   7.1873042e-01
   4.7049189e-01
   3.0938043e-01
   3.6410041e-01
   2.2856656e-01
   4.5220140e-02
   3.1567590e-02
   8.0919252e-03
   7.9465461e-04
   7.7164258e-04
   2.9356803e-01
   1.4306423e-01
   2.9599408e-01
   3.1390752e-03
   2.5621491e-01
   2.4315059e-01
   4.2931341e-01
   6.1270146e-01
   6.3443784e-01
   2.3511094e-03
   8.0485484e-03
   3.3310409e-03
   6.2971717e-01
   2.3464338e-01
   3.1308945e-01
   4.9328493e-01
   1.8493877e-02
   2.1384714e-02
   1.0523946e-01
   5.7058213e-01
   1.5133832e-01
   1.5955704e-01
   1.8836569e-03
   5.2750786e-03
   1.2475982e-03
   4.0960031e-01
   6.2573533e-03
   4.4060650e-01
   1.2552189e-04
   2.7936978e-02
   5.0027583e-01
   1.3736855e-02
   1.7055356e-01
   3.1466203e-04
   3.7642362e-01
   3.4587909e-02
   2.4590502e-01
   6.6483358e-01
   2.9254233e-01
   4.4490776e-01
   1.4940699e-02
   2.2700796e-01
   2.2700566e-02
   7.7372113e-01
