   1.1628081e+00   3.4693805e+00
   1.4745434e+00   2.3206228e+00
   1.3434678e+00   2.0038452e+00
   1.2270858e+00   8.6486398e-01
   7.5711518e-01   1.2464176e+00
   2.7721333e+00   1.7490895e+00
   1.3300458e+00   3.8690441e+00
   1.2160028e+00   2.2218684e+00
   2.4044397e+00   7.4727026e-01
   4.8998660e-01   3.6851103e+00
   3.3457137e+00   1.9894471e+00
   4.3669815e-01   3.6473262e+00
   1.2885317e+00   1.3800310e+00
   1.4181025e+00   3.1940987e+00
   2.7505268e+00   5.0685562e-01
   2.6153027e+00   1.0882621e+00
   2.9356605e+00   3.1732130e+00
   1.3205880e+00   2.8781976e+00
   3.9855138e+00   3.6591660e+00
   1.4116513e+00   2.5528661e+00
   2.1546819e+00   2.3148601e+00
   7.8959275e-01   3.0865357e+00
   3.6209716e+00   3.5458587e+00
   1.1803836e+00   3.6069624e+00
   5.4823339e-01   3.4665764e+00
   1.6528083e+00   2.8280038e+00
   3.9593206e+00   1.8081735e+00
   1.0844909e+00   4.7706458e-01
   1.3638782e+00   1.1821826e+00
   2.1669805e+00   3.5164899e-01
   2.6331028e+00   1.7122898e+00
   1.7547782e+00   3.6563550e+00
   2.8158539e+00   1.4233038e+00
   7.8112406e-01   3.5091206e+00
   5.5988128e-01   8.4453892e-01
   4.6791958e-01   1.4466766e+00
   2.3495334e+00   1.8475029e+00
   3.5960199e+00   1.0776501e+00
   2.4674368e+00   3.1395830e+00
   2.2667200e+00   1.1974192e+00
   2.6829487e+00   3.5787227e+00
   1.8077747e+00   1.4009096e+00
   1.2670864e+00   1.0055084e+00
   2.5540780e+00   2.9792421e+00
   2.6413093e+00   3.8401984e+00
   3.1093088e+00   3.6354280e+00
   1.1654081e+00   2.8921625e+00
   1.3682838e+00   3.3098466e+00
   3.8398199e-01   3.5057714e+00
   1.3783175e+00   3.5863887e+00
   1.6101057e+00   1.1526698e+00
   2.7036322e+00   2.6179595e+00
   2.5481263e+00   1.2025864e+00
   3.0978213e+00   1.9379165e+00
   3.5721451e+00   3.1963067e+00
   3.6133600e+00   2.9485685e+00
   5.8888157e-01   1.2051436e+00
   2.2457232e+00   3.0299795e+00
   4.6703807e-01   3.6589039e+00
   3.2474666e+00   3.4162602e+00
   1.4648751e+00   3.8944250e+00
   1.1713772e+00   8.2858012e-01
   1.2895190e+00   3.4705744e+00
   8.2682015e-01   3.1195916e+00
   1.0172527e+00   3.1129677e+00
   3.3835266e+00   1.9998470e+00
   3.0568858e+00   1.7211109e+00
   3.0522618e+00   6.9748612e-01
   1.2839866e+00   1.9852457e+00
   7.1964781e-01   8.4481212e-01
   4.8122864e-01   1.3862887e+00
   1.3216424e+00   1.7075447e+00
   2.7322307e+00   3.7208220e+00
   2.6187937e+00   1.0158312e+00
   2.4241997e+00   2.7236870e+00
   1.0413259e+00   1.7586462e+00
   1.8146840e+00   1.0158983e+00
   1.3519608e+00   4.1742080e-01
   3.3861060e+00   3.2667424e+00
   3.1022012e+00   1.4593037e+00
   3.5038592e+00   3.0636867e+00
   1.8426583e+00   2.4853468e+00
   3.0473000e+00   1.3967860e+00
   5.5876130e-01   3.3173620e+00
   3.8462796e+00   3.6022963e+00
   2.8426058e+00   2.4814563e+00
   1.2621127e+00   3.3161974e+00
   3.0218154e+00   2.3539727e+00
   2.0708881e+00   3.3139238e+00
   3.5240872e+00   4.4190949e-01
   1.4934449e+00   3.4393961e+00
   2.3757862e+00   7.2359768e-01
   1.2096451e+00   8.5934477e-01
   7.9760711e-01   2.9937276e+00
   1.1791626e+00   1.0473039e+00
   1.6455898e+00   3.0306313e+00
   2.8459275e+00   3.5085335e+00
   4.4437220e-01   1.0734442e+00
   2.8483157e+00   2.9964112e+00
   1.2650254e+00   2.5692099e+00
