   2.1702358e-01
   5.0843107e-03
   5.6907708e-01
   6.5454271e-01
   3.2945726e-01
   1.0265390e-04
   3.9420854e-02
   5.8227298e-01
   2.6780954e-04
   1.2704461e-04
   8.9174354e-02
   2.4089214e-01
   3.2406784e-02
   8.1412177e-01
   1.3999946e-02
   1.3644257e-04
   1.9353264e-01
   4.7884179e-02
   2.7004976e-02
   2.5202566e-02
   6.6507761e-05
   4.7076533e-01
   3.2500161e-01
   1.2496854e-01
   7.5354588e-01
   3.8503828e-01
   4.9685095e-03
   4.7304286e-01
   6.7307586e-03
   2.8490279e-02
   1.1033254e-03
   1.1906585e-01
   4.3953044e-01
   2.7054126e-02
   7.4919915e-02
   6.0031273e-02
   7.5038361e-03
   4.9389587e-01
   7.2076564e-01
   4.8982499e-01
   1.9591143e-03
   7.1343550e-04
   2.8772740e-01
   3.6714664e-01
   4.7047597e-01
   8.5862795e-04
   8.9664168e-05
   4.3972207e-03
   1.6600487e-04
   1.9320704e-01
   4.9646118e-02
   1.9586183e-02
   1.8488571e-04
   7.6674468e-04
   1.5809126e-01
   7.6192803e-02
   6.4362852e-03
   3.0849777e-01
   2.0899920e-01
   9.5416848e-02
   6.0956448e-01
   1.7244702e-01
   6.0696120e-01
   1.2917885e-01
   2.0598745e-02
   5.8480706e-01
   4.8490718e-04
   1.5406249e-01
   1.0555240e-02
   9.5552979e-02
   6.6873773e-02
   9.2098453e-04
   8.2969083e-01
   2.8633031e-01
   1.6819131e-01
   3.3030699e-03
   1.1595450e-02
   3.3740567e-04
   2.9327555e-01
   3.5624223e-01
   4.6629376e-02
   8.3225973e-02
   6.7689112e-01
   4.8338329e-03
   4.9357612e-01
   1.1869380e-04
   4.0824424e-01
   4.9833532e-03
   5.6748443e-04
   2.5797507e-01
   2.1706872e-02
   2.4673244e-03
   6.1459973e-01
   4.5241861e-03
   3.9356019e-04
   4.7961727e-05
   6.0889097e-04
   1.9335897e-01
   3.9444660e-01
   5.3932913e-01
