   1.0281309e+00   6.5496629e-01
   3.1787835e+00   3.2117527e+00
   3.9798658e-01   2.3482926e+00
   7.2135184e-01   2.9622208e+00
   9.9050356e-01   1.1453704e+00
   3.7239996e+00   3.4696002e-01
   2.3339268e+00   7.4482824e-01
   4.1534105e-01   2.6420195e+00
   3.5432551e+00   3.5627995e-01
   3.8157856e+00   3.7789835e+00
   2.0863631e+00   3.9983935e+00
   1.9017351e+00   1.6994087e+00
   2.5932885e+00   3.6122616e+00
   1.1519480e+00   2.4831852e+00
   2.8920294e+00   3.3897060e+00
   3.9296723e+00   2.0846798e+00
   9.0500623e-01   5.1993186e-01
   2.6339031e+00   2.0032442e+00
   2.6746276e+00   1.4792289e+00
   2.6551507e+00   3.6675937e+00
   3.9526946e+00   3.6220862e+00
   1.7315817e+00   2.7093219e+00
   1.2683807e+00   1.2103966e+00
   1.9938920e+00   1.1658908e+00
   7.2318470e-01   2.3292095e+00
   1.6249880e+00   1.7534464e+00
   3.2057913e+00   3.0927407e+00
   1.4289274e+00   1.7525192e+00
   3.0034938e+00   1.2820560e+00
   2.6867881e+00   1.5834975e+00
   3.4056526e+00   3.7567718e+00
   2.2262580e+00   1.6832569e+00
   1.7112139e+00   2.0853479e+00
   2.5912074e+00   1.1813940e+00
   2.5376128e+00   2.2656215e+00
   2.2815523e+00   1.0774505e+00
   3.0014131e+00   1.3922661e+00
   1.6923592e+00   2.2683480e+00
   7.5044496e-01   2.1780619e+00
   1.6576126e+00   2.1467459e+00
   3.2998849e+00   3.6725408e+00
   3.6215047e+00   3.0022706e+00
   1.5828428e+00   3.6289351e+00
   3.5884107e-01   3.2782219e+00
   4.0649838e-01   1.9573565e+00
   3.4436764e+00   1.1695212e+00
   3.7763684e+00   5.4835778e-01
   3.1220113e+00   1.3515354e+00
   3.8734698e+00   1.8974303e+00
   2.1230550e+00   1.9839601e+00
   2.3532897e+00   3.9236019e+00
   2.7132776e+00   3.7295509e+00
   3.9005775e+00   2.5110228e+00
   3.6437997e+00   2.4596155e+00
   3.9266551e-01   7.1836661e-01
   2.4249952e+00   1.7770389e+00
   2.9986903e+00   3.7886533e+00
   8.6118012e-01   1.0930012e+00
   4.8308497e-01   9.3067381e-01
   2.2792731e+00   1.5834731e+00
   4.4751170e-01   2.5947003e+00
   2.1499251e+00   1.9122206e+00
   1.0782374e+00   1.8385639e+00
   2.0611657e+00   1.3552262e+00
   2.7199827e+00   3.6488311e+00
   4.8119933e-01   2.8262780e+00
   3.4757594e+00   6.8577333e-01
   4.4618059e-01   6.0887044e-01
   2.6700528e+00   3.4955776e-01
   2.1738078e+00   3.6994178e+00
   2.4353289e+00   1.6600198e+00
   3.5525023e+00   1.8614924e+00
   9.8210776e-01   2.4301254e+00
   1.0453922e+00   9.8828530e-01
   7.8825368e-01   3.8223752e-01
   3.3421650e+00   2.7346021e+00
   3.0207691e+00   1.9970026e+00
   3.6059040e+00   1.0399586e+00
   8.9083406e-01   1.0271222e+00
   1.8624803e+00   2.8662243e+00
   2.6269586e+00   3.0654435e+00
   2.5080909e+00   2.3103369e+00
   1.3942360e+00   2.2456683e+00
   3.1934889e+00   1.8048433e+00
   1.7125573e+00   2.3607976e+00
   3.9436534e+00   3.0033343e+00
   1.0589735e+00   1.3859938e+00
   3.1850761e+00   3.2028539e+00
   3.4265733e+00   5.8052985e-01
   2.0067550e+00   2.0452177e+00
   2.8127642e+00   1.7768776e+00
   3.2494731e+00   3.6711134e+00
   1.1716268e+00   1.8836823e+00
   3.0832500e+00   3.7968113e+00
   3.7042300e+00   1.7967584e+00
   3.9801621e+00   1.1972377e+00
   3.5669634e+00   3.5286911e+00
   2.1625870e+00   2.1277567e+00
   3.2175677e-01   1.8672232e+00
   3.5581963e-01   2.3437559e+00
