   2.6036242e-01
   2.5078930e-02
   5.3655096e-02
   6.2853166e-01
   7.1311175e-01
   8.3301946e-01
   5.3584419e-01
   1.7538726e-04
   1.9366754e-02
   7.4586850e-01
   3.1516280e-03
   3.0975465e-01
   6.5728896e-03
   1.5605837e-01
   7.2279483e-02
   6.0644094e-05
   1.2209010e-02
   4.2835655e-04
   2.0122032e-01
   3.6565085e-01
   1.2721827e-02
   4.8361637e-05
   1.0178774e-01
   5.4126674e-01
   6.9311162e-02
   2.5984382e-03
   4.1777427e-01
   5.5190330e-01
   1.3268722e-01
   4.6274327e-01
   2.0021808e-01
   7.0640911e-03
   5.0094752e-02
   4.3243377e-03
   5.7418894e-01
   1.1174231e-02
   3.6131221e-04
   1.6800993e-02
   2.3138756e-01
   3.5920353e-02
   4.9938308e-01
   1.8026016e-01
   1.3259217e-01
   1.1970109e-04
   6.3799478e-01
   3.3113981e-02
   2.0260927e-01
   4.4376111e-01
   7.1001574e-02
   1.3897901e-01
   2.8560748e-03
   3.0147837e-01
   6.3677388e-02
   4.7570047e-02
   5.6535348e-01
   1.5603949e-03
   5.2480108e-04
   5.2636296e-03
   3.4222790e-04
   2.6021995e-02
   9.3296947e-05
   1.3442925e-02
   6.4751139e-01
   2.4229933e-01
   2.9673568e-03
   3.3810626e-01
   3.3953295e-01
   3.1097928e-01
   1.9924866e-01
   2.0589143e-01
   2.3978535e-03
   2.2523224e-03
   4.2321340e-05
   9.9381823e-03
   1.9489360e-01
   1.2906441e-01
   6.3760441e-03
   2.6279496e-04
   7.4150129e-01
   5.5746555e-01
   1.6909650e-01
   5.8078422e-01
   3.5954831e-04
   2.1079444e-02
   3.2532727e-01
   1.1721052e-01
   1.6716930e-01
   2.6429247e-01
   2.0511231e-04
   7.0890955e-05
   1.1070234e-01
   1.0814876e-01
   5.6955344e-01
   4.0513726e-03
   1.7252735e-01
   7.1236886e-02
   2.2809614e-02
   2.0423726e-01
   5.8565710e-03
   2.4959763e-02
