   1.9159534e+00   3.1781013e+00
   2.8173202e+00   3.0165146e+00
   2.3414432e+00   3.8720063e+00
   9.5837875e-01   3.1231019e+00
   6.1651770e-01   2.3973831e+00
   9.9105632e-01   2.5188714e+00
   1.6644282e+00   2.4877326e+00
   3.7450319e+00   3.8580982e+00
   2.8775623e+00   1.9339829e+00
   9.1546842e-01   2.8621779e+00
   3.1619527e+00   1.1726723e+00
   1.8288486e+00   3.1512681e+00
   2.9218696e+00   8.9200280e-01
   1.5289086e+00   5.9102281e-01
   2.3389158e+00   1.4494257e+00
   3.9869323e+00   1.4997070e+00
   2.7685738e+00   9.5453031e-01
   3.5891161e+00   1.2102458e+00
   1.6255541e+00   3.9698035e+00
   1.9058556e+00   2.5618265e+00
   3.0122821e+00   2.0871149e+00
   3.9797569e+00   1.2037827e+00
   2.0635873e+00   3.9034722e+00
   1.5267663e+00   2.9470384e+00
   2.5397747e+00   2.8840438e+00
   3.1606838e+00   9.4690527e-01
   1.7268940e+00   2.0404370e+00
   1.0542942e+00   3.2788313e+00
   1.7306940e+00   7.0592462e-01
   5.4061693e-01   3.2415423e+00
   1.8995810e+00   3.5117033e+00
   2.8520160e+00   6.6019115e-01
   2.1742811e+00   5.4362577e-01
   2.9525932e+00   5.2304590e-01
   1.4145016e+00   1.9836122e+00
   2.9122313e+00   3.5538601e+00
   3.6862659e+00   1.5870543e+00
   2.9114528e+00   1.9157395e+00
   7.9255677e-01   7.8543840e-01
   2.7622254e+00   2.7175759e+00
   1.6895903e+00   2.2887162e+00
   2.1590349e+00   2.9977181e+00
   1.7763322e+00   7.8886892e-01
   3.8536101e+00   3.6085400e+00
   7.2799249e-01   1.9944038e+00
   2.3765108e+00   6.7232057e-01
   2.0287351e+00   1.7838389e+00
   8.8806658e-01   3.5126238e+00
   2.2432317e+00   3.8425530e+00
   1.4830374e+00   3.7916187e-01
   3.1909669e+00   3.7963490e+00
   5.3285545e-01   3.7110643e+00
   2.6026705e+00   2.5605579e+00
   2.6570990e+00   2.1136259e+00
   6.0008933e-01   1.9455780e+00
   3.4313633e+00   1.7682291e+00
   3.4891632e+00   8.6207280e-01
   3.1072779e+00   3.5196262e+00
   3.7696166e+00   2.0969945e+00
   2.6961868e+00   3.4816201e+00
   3.9852992e+00   2.9943941e+00
   3.0239980e+00   2.3075006e+00
   5.1267247e-01   2.6338032e+00
   3.3457745e-01   1.2955824e+00
   3.3743786e+00   2.4897044e+00
   1.5395295e+00   3.5053289e+00
   1.2951949e+00   3.7245161e+00
   7.0071265e-01   3.8191424e+00
   9.7215565e-01   5.4680657e-01
   1.7200768e+00   3.8007105e+00
   3.3972837e+00   2.1375432e+00
   3.1182970e+00   5.5170133e-01
   3.9528065e+00   8.6847433e-01
   2.9307019e+00   1.3954705e+00
   1.5759173e+00   9.2437107e-01
   2.2890902e+00   3.0202201e+00
   3.0534755e+00   3.5548791e+00
   3.7387531e+00   3.4502665e+00
   7.7507998e-01   2.7865086e+00
   1.1176520e+00   3.2544360e+00
   1.5136441e+00   6.7177690e-01
   1.5510998e+00   2.2338735e+00
   3.5090284e+00   5.1714654e-01
   2.8001531e+00   3.3104905e+00
   3.6283882e-01   1.5790357e+00
   2.2145252e+00   3.3670191e+00
   2.1954935e+00   2.9823644e+00
   1.7653446e+00   1.5479870e+00
   3.7066260e+00   1.0824167e+00
   3.9695003e+00   1.5574085e+00
   2.3523752e+00   1.9993796e+00
   2.4119651e+00   2.2563650e+00
   1.1588809e+00   1.7844616e+00
   3.2533666e+00   3.0821122e+00
   1.1800130e+00   3.9967397e-01
   2.4212497e+00   1.6862030e+00
   2.5918975e+00   9.9072067e-01
   1.9787942e+00   1.6763331e+00
   3.0913273e+00   1.5241367e+00
   2.3937192e+00   3.6849397e-01
