   5.9855856e-01
   3.1250338e-01
   1.4195396e-03
   6.5144490e-01
   9.6700645e-02
   5.3931603e-02
   3.9993042e-01
   3.5693086e-01
   1.6009677e-01
   4.8132075e-03
   1.3143603e-02
   2.4346086e-01
   7.2955912e-03
   5.9081547e-01
   1.6352169e-03
   3.7693315e-01
   2.2582709e-01
   3.2459600e-01
   5.2635937e-01
   5.5514366e-02
   5.2121664e-01
   1.6884875e-01
   1.5161331e-03
   6.0623005e-01
   3.5596552e-01
   2.6242359e-03
   3.4074561e-01
   2.6185191e-02
   3.4524476e-02
   2.4432416e-02
   4.7879861e-01
   3.8089345e-01
   2.6603131e-01
   2.4071491e-03
   2.3077618e-01
   6.8718930e-01
   6.3531206e-03
   1.6349009e-02
   6.7422105e-01
   4.0149107e-01
   3.2840512e-02
   1.8159634e-02
   2.4046258e-02
   7.1804309e-01
   2.3538850e-03
   3.7842038e-02
   3.0383200e-04
   2.0564466e-02
   3.2157155e-01
   1.2687619e-01
   6.0692478e-01
   1.2747494e-02
   7.8322083e-01
   2.2543072e-01
   5.4134098e-01
   1.1386348e-03
   2.4916980e-03
   4.7107197e-01
   4.6295294e-03
   2.6335995e-01
   1.3551761e-01
   3.9353847e-01
   1.4562100e-01
   4.4144267e-01
   7.7053021e-02
   4.7239471e-01
   3.6956680e-01
   3.5949614e-02
   3.8051640e-02
   1.7890135e-02
   2.8725375e-01
   1.1553745e-02
   2.2735290e-02
   6.0313823e-02
   5.5466130e-04
   1.3397768e-04
   1.6806081e-03
   1.6992271e-01
   3.3542341e-02
   4.0005111e-04
   2.7788826e-02
   4.2012237e-05
   1.4053669e-01
   1.6169376e-01
   2.0699881e-02
   6.2760140e-05
   7.8355565e-01
   3.7292941e-01
   4.6095515e-01
   6.2372492e-01
   3.2611927e-01
   5.6798284e-01
   4.6808943e-04
   2.9678723e-01
   1.4363514e-01
   1.8250032e-01
   1.4971267e-03
   3.8021884e-03
   7.2918351e-01
   2.0511255e-02
