   1.1481685e+00   3.1590918e+00
   5.0862654e-01   1.3539023e+00
   3.3627899e+00   1.2957449e+00
   7.2851222e-01   2.0246301e+00
   2.3051151e+00   1.6736262e+00
   2.6113307e+00   2.0731905e+00
   3.0139054e-01   1.9213684e+00
   9.0537594e-01   1.2443369e+00
   3.3521129e-01   8.2220928e-01
   3.0861054e+00   1.2848363e+00
   2.9037261e+00   1.5893898e+00
   1.6184619e+00   1.2343313e+00
   2.7805248e+00   3.6555671e-01
   6.3668170e-01   1.9677657e+00
   3.3438235e+00   3.6469523e+00
   1.8659139e+00   2.7311404e+00
   6.7587630e-01   8.3069981e-01
   6.6108062e-01   1.2564383e+00
   6.9352212e-01   3.2276794e+00
   2.5891858e+00   2.9913056e+00
   1.0436532e+00   3.3455385e+00
   1.8658327e+00   3.7643203e+00
   3.2933820e+00   1.0073349e+00
   1.5169909e+00   2.2496915e+00
   1.3113944e+00   1.3382569e+00
   3.3296666e+00   1.8110335e+00
   1.0639257e+00   1.1874558e+00
   2.7218973e+00   1.6229557e+00
   2.4312484e+00   9.0798767e-01
   2.3857372e+00   3.0935987e-01
   1.4643067e+00   1.8046347e+00
   8.3895614e-01   1.3345854e+00
   7.8180233e-01   9.5591942e-01
   3.4178668e+00   2.4669345e+00
   2.0560633e+00   2.9696173e+00
   1.1572802e+00   2.9686654e+00
   3.1898556e+00   2.1817686e+00
   2.8249701e+00   1.5059256e+00
   8.9650869e-01   1.9829002e+00
   8.2241675e-01   1.3984582e+00
   2.7743485e+00   2.8271994e+00
   2.7373117e+00   3.7214941e+00
   2.6820820e+00   1.3794589e+00
   9.9111546e-01   2.0611787e+00
   3.3417643e+00   1.7487141e+00
   2.5708605e+00   1.4799148e+00
   3.7492214e+00   1.7806876e+00
   2.7472398e+00   3.5470924e+00
   1.2220517e+00   3.8266934e+00
   4.7276115e-01   3.1621872e-01
   4.3741999e-01   2.5252841e+00
   2.9575962e+00   3.2066372e+00
   1.2006470e+00   2.6624745e+00
   8.3900237e-01   7.3295473e-01
   4.6263406e-01   2.9288972e+00
   3.2926727e+00   6.6167403e-01
   3.4106779e+00   2.4636328e+00
   1.1492130e+00   3.4359897e+00
   3.0670045e+00   1.1536839e+00
   1.3432037e+00   1.0251553e+00
   1.5515306e+00   4.3996418e-01
   1.5180629e+00   3.3619228e+00
   5.4654730e-01   4.0456819e-01
   5.8546778e-01   1.6587829e+00
   2.1308770e+00   9.4680243e-01
   1.6915577e+00   2.1650701e+00
   1.8413706e+00   2.1351489e+00
   2.5928352e+00   3.5000613e+00
   2.7550593e+00   2.4132165e+00
   2.6513837e+00   9.3275765e-01
   1.5587461e+00   3.6609061e+00
   3.0555944e+00   2.7554596e+00
   2.8733707e+00   2.1599493e+00
   2.4703351e+00   3.3417144e+00
   3.5661464e+00   1.3644783e+00
   3.8416740e+00   3.5595709e+00
   3.4822929e+00   2.2663211e+00
   1.4853407e+00   6.4259648e-01
   2.7552755e+00   2.0891138e+00
   3.6508408e+00   1.4906495e+00
   2.8360215e+00   2.3093984e+00
   3.9967616e+00   3.8398043e+00
   2.1477579e+00   1.6598395e+00
   1.3097290e+00   3.9790453e-01
   2.8656182e+00   3.0361890e+00
   3.9815464e+00   1.5020744e+00
   1.0783971e+00   2.7615602e+00
   1.8382037e+00   2.1420313e+00
   8.9942778e-01   3.4734351e+00
   1.2239713e+00   3.0699383e+00
   1.7567184e+00   1.7722885e+00
   1.5586166e+00   2.2022231e+00
   3.7355421e+00   2.4598984e+00
   1.9750783e+00   2.1805020e+00
   2.2482963e+00   3.0153220e+00
   2.1542703e+00   2.9957832e+00
   3.2982076e+00   1.0182800e+00
   3.2779013e+00   1.9831029e+00
   7.3593708e-01   2.2188803e+00
   2.5878958e+00   8.5161732e-01
