   1.7887366e-02
   8.7830993e-04
   5.3725958e-01
   1.0323062e-01
   1.4481675e-04
   7.6310043e-02
   2.5004021e-01
   4.7148676e-02
   6.7837122e-01
   2.9398059e-01
   7.2437664e-01
   1.9999265e-01
   4.6695588e-03
   4.4805071e-01
   8.2674189e-02
   1.1225630e-01
   2.0673274e-01
   1.1037042e-03
   1.5327709e-01
   9.3319499e-05
   5.0745923e-02
   2.9110837e-04
   6.8050297e-01
   5.0309553e-01
   8.1680226e-01
   3.6793726e-01
   4.5369620e-01
   8.5209011e-04
   7.9165729e-03
   9.8067290e-05
   6.8052738e-01
   4.2675285e-01
   1.6747898e-04
   7.0349008e-02
   3.3602917e-03
   1.6264146e-01
   5.0015023e-01
   1.0952469e-01
   1.8213168e-01
   5.1669924e-04
   2.1388203e-01
   1.9681088e-01
   5.2256428e-01
   6.1728979e-05
   5.7194313e-03
   5.8247824e-01
   3.0561852e-02
   3.8520760e-01
   3.2292755e-01
   2.8051917e-04
   7.0224760e-02
   1.9286465e-01
   5.0151870e-02
   7.0646581e-01
   5.7336767e-01
   7.4956463e-01
   7.7234092e-02
   7.4968668e-03
   1.8288904e-01
   4.0515258e-01
   6.5682316e-01
   4.9243077e-04
   2.4007988e-01
   2.5343609e-01
   2.1662706e-04
   6.0780669e-01
   1.7108394e-02
   2.6094644e-01
   1.9595904e-01
   2.7776580e-03
   1.1613827e-01
   3.3048071e-02
   7.2166890e-04
   2.6170646e-02
   3.0194636e-01
   4.9590978e-01
   1.9423329e-02
   4.1198166e-01
   1.1685543e-04
   6.7463718e-01
   4.9315586e-03
   3.5753293e-04
   1.6006666e-01
   2.3976942e-02
   1.8946157e-01
   1.2642003e-04
   3.9874965e-02
   6.8188995e-03
   2.0900079e-01
   3.0020677e-01
   5.0569775e-02
   1.3474788e-03
   3.0282810e-02
   2.7165691e-01
   2.2649647e-01
   5.5786100e-01
   2.3727777e-02
   5.7909987e-01
   7.4792990e-03
   5.3160561e-01
