   2.9599312e+00   2.5032446e+00
   3.5584497e+00   3.1597976e+00
   3.3940611e-01   2.4444514e+00
   2.4146809e+00   2.8305564e+00
   3.8949325e+00   1.8810208e+00
   2.2744304e+00   1.3241805e+00
   5.3205217e-01   3.9187494e+00
   2.3893718e+00   3.8701939e+00
   1.1440683e+00   2.9937997e+00
   1.9301404e+00   2.9816760e+00
   6.6595100e-01   2.6863690e+00
   7.7032825e-01   6.1764397e-01
   3.2660262e+00   2.2532456e+00
   1.2430674e+00   3.4507081e+00
   2.1497353e+00   1.0769483e+00
   2.2350838e+00   3.3589364e+00
   3.7253850e-01   1.0637154e+00
   3.5449503e+00   2.0593338e+00
   2.0023817e+00   1.4097362e+00
   3.9257736e+00   1.5763886e+00
   2.4070572e+00   3.7334148e+00
   3.5349258e+00   4.1144861e-01
   1.1936403e+00   2.9641339e+00
   7.3496976e-01   1.6919981e+00
   8.6019693e-01   2.4757042e+00
   5.2012743e-01   1.5208027e+00
   1.0407620e+00   3.5002294e+00
   3.5124950e+00   3.4633327e+00
   3.1522342e+00   2.3279673e+00
   3.7479218e+00   4.6063057e-01
   5.9878609e-01   2.2742475e+00
   5.5859837e-01   3.3534909e+00
   3.9160286e+00   2.3952159e+00
   2.2302964e+00   1.1111787e+00
   3.2144866e+00   1.4963493e+00
   1.4460909e+00   5.4066024e-01
   7.3850886e-01   1.6831435e+00
   2.0960839e+00   1.2565513e+00
   1.8365275e+00   1.2642320e+00
   3.6886118e+00   2.0481954e+00
   8.8999336e-01   6.5088251e-01
   1.0533493e+00   5.3363810e-01
   8.5533128e-01   3.3209785e+00
   3.8434768e+00   5.5325826e-01
   3.0701209e+00   1.4012504e+00
   1.0638723e+00   3.2140116e+00
   2.7630948e+00   1.9885779e+00
   1.1123848e+00   3.6676560e+00
   1.9624108e+00   2.3374831e+00
   3.7793856e+00   1.8881049e+00
   2.4531770e+00   1.7764982e+00
   8.4658900e-01   5.3419743e-01
   2.6292640e+00   2.9499094e+00
   9.8192009e-01   2.9637176e+00
   6.0670248e-01   3.0423390e+00
   1.0915325e+00   2.8506808e+00
   2.2478135e+00   1.2635382e+00
   2.7668058e+00   3.3651910e-01
   1.9982971e+00   1.5953750e+00
   1.0971969e+00   3.6157948e+00
   1.1150199e+00   3.0499733e+00
   3.5933274e+00   1.3877493e+00
   1.4157458e+00   9.8206764e-01
   1.2252242e+00   9.0293804e-01
   3.6174816e+00   5.8042307e-01
   7.4299268e-01   1.9168213e+00
   2.7612345e+00   1.3049930e+00
   1.5116477e+00   1.1772899e+00
   1.5065488e+00   8.4223264e-01
   3.3543063e+00   2.0420515e+00
   2.3357829e+00   2.9957750e+00
   2.6856772e+00   1.7481782e+00
   3.4269781e+00   8.7726102e-01
   2.5014961e+00   8.2389173e-01
   1.5246501e+00   3.6467075e+00
   1.0822117e+00   1.6039460e+00
   2.6150439e+00   8.9000756e-01
   1.2733276e+00   3.5259447e+00
   3.9099015e+00   3.2737360e+00
   8.9701762e-01   3.0163731e+00
   3.2398071e+00   2.1210335e+00
   3.7204025e+00   1.7868150e+00
   2.0253385e+00   3.4916240e+00
   2.5701909e+00   9.6909467e-01
   1.8188088e+00   3.7246010e+00
   3.8861308e+00   3.3415340e+00
   2.7168398e+00   2.8403384e+00
   3.1542167e+00   2.0358950e+00
   1.8361469e+00   3.5853744e+00
   8.5156162e-01   3.9347279e+00
   2.1289795e+00   4.1964136e-01
   3.4401692e+00   3.3516594e+00
   2.8078079e+00   2.7394763e+00
   1.9499344e+00   1.9586330e+00
   2.1391862e+00   2.4227622e+00
   8.7767412e-01   3.2522883e+00
   2.8821021e+00   2.6412048e+00
   1.0573597e+00   3.2219043e+00
   2.8062861e+00   5.2036936e-01
   7.6068080e-01   1.7408006e+00
