   8.6578363e-04
   7.4743844e-04
   1.4838934e-04
   6.7914403e-04
   2.4475276e-01
   6.1629211e-01
   7.1025397e-04
   3.2035522e-01
   2.7964021e-01
   5.0510218e-01
   2.6354899e-04
   6.2058848e-03
   8.0105417e-05
   4.5212136e-02
   2.4702812e-01
   3.5470776e-03
   7.1780478e-01
   3.1062353e-04
   6.6269587e-04
   3.4756027e-02
   9.9236776e-02
   5.4340395e-04
   1.7274553e-01
   1.9574352e-01
   2.9018772e-01
   1.7755873e-01
   8.3710475e-02
   3.1600562e-04
   3.1183627e-03
   2.2081640e-02
   3.0759747e-01
   8.4641436e-05
   3.6542800e-03
   1.8889034e-01
   6.1058575e-02
   7.3124123e-01
   5.3543313e-01
   4.8216263e-03
   2.6419111e-01
   2.2705433e-01
   1.0329837e-02
   2.1013479e-01
   1.1094714e-01
   2.4535188e-01
   1.0340101e-02
   5.1836225e-02
   4.8434425e-01
   2.4928277e-01
   4.3908220e-01
   2.0085960e-01
   5.0454063e-01
   4.8434315e-01
   3.8071658e-01
   5.1680340e-02
   3.6813085e-03
   9.3665264e-02
   7.3281306e-01
   3.2025197e-01
   1.9295544e-02
   5.0814012e-01
   1.0040843e-01
   5.7019402e-01
   3.9757113e-04
   6.1193457e-02
   1.0134773e-03
   5.4590710e-05
   1.6547343e-04
   1.3771405e-01
   3.0168881e-01
   5.2406947e-01
   1.0126223e-01
   4.6038369e-02
   4.3447000e-04
   3.9217656e-04
   8.4281927e-04
   5.8906828e-01
   4.0210181e-01
   6.2518820e-04
   1.3018146e-01
   2.9594232e-01
   7.3144168e-01
   1.5912124e-02
   5.4066806e-01
   3.4177189e-04
   1.7488480e-02
   2.0514922e-03
   2.2463881e-01
   2.2698405e-04
   1.7538054e-03
   4.4971891e-01
   3.9279687e-04
   1.7800649e-02
   3.6461937e-01
   9.6602431e-04
   1.1869532e-04
   8.3001395e-03
   3.1066520e-02
   2.5433402e-01
   9.3397570e-05
   1.5268051e-03
