   3.4705564e+00   3.6752139e+00
   3.6323623e+00   2.8306738e+00
   3.8205335e+00   1.4212139e+00
   3.6301732e+00   3.0076504e+00
   3.2418663e-01   1.3219783e+00
   4.5514915e-01   2.5763833e+00
   3.5223011e+00   1.3909528e+00
   1.9442822e+00   2.2176192e+00
   1.9374000e+00   3.0340180e+00
   1.5232149e+00   3.0528780e+00
   3.7767905e+00   1.7927999e+00
   2.9375127e+00   8.9543516e-01
   3.7739560e+00   3.8288358e-01
   2.2645370e+00   6.9175070e-01
   3.8067103e-01   3.7483964e+00
   3.3354470e+00   2.5775330e+00
   1.3637354e+00   2.6431508e+00
   3.5093048e+00   3.2474246e-01
   3.4827800e+00   1.0950030e+00
   2.3373398e+00   5.9971193e-01
   1.9917824e+00   8.9741985e-01
   3.4450904e+00   6.3967318e-01
   1.5867799e+00   7.9629321e-01
   1.1823057e+00   5.6564585e-01
   4.8846989e-01   1.2947351e+00
   7.9934644e-01   4.4824681e-01
   2.4390935e+00   3.0530964e+00
   3.6461669e+00   3.7958826e+00
   3.1533156e+00   1.1190340e+00
   2.9053295e+00   2.5220919e+00
   1.8629209e+00   1.9135450e+00
   3.8440693e+00   9.4217403e-01
   3.0956802e+00   1.0211077e+00
   1.6542129e+00   9.9974709e-01
   2.3372723e+00   3.7405991e+00
   1.1192889e+00   2.1150121e+00
   1.2469957e+00   3.2464003e+00
   3.0204377e+00   9.8375672e-01
   1.4675173e+00   1.1428027e+00
   1.8628996e+00   3.4442910e+00
   3.0692353e+00   2.1288622e+00
   1.6064294e+00   3.9472331e+00
   1.9518966e+00   9.3723849e-01
   4.2555977e-01   3.8153813e+00
   2.9936535e+00   1.7146398e+00
   2.5990907e+00   1.9562434e+00
   7.6544039e-01   1.6315978e+00
   1.0971869e+00   8.3452794e-01
   1.4409959e+00   3.3215640e+00
   4.1452206e-01   9.7233251e-01
   1.0453838e+00   3.3819993e+00
   5.4949022e-01   1.8032939e+00
   3.0056332e-01   1.8593680e+00
   2.6547890e+00   2.2730405e+00
   3.2701896e+00   1.8921747e+00
   1.7590508e+00   3.0895884e-01
   1.2721226e+00   2.7592398e+00
   1.3501649e+00   1.2501153e+00
   2.9404840e+00   2.4901165e+00
   1.0183353e+00   1.6240436e+00
   2.4462976e+00   2.3277986e+00
   1.2156481e+00   3.1885477e+00
   3.7628552e+00   2.3678573e+00
   2.3888603e+00   1.4162617e+00
   3.5545536e+00   2.0042749e+00
   3.9729017e+00   3.7073978e+00
   3.8011358e+00   3.5788698e+00
   2.0699922e+00   3.5540531e+00
   7.6247869e-01   3.8902694e+00
   5.3737715e-01   3.0835292e+00
   1.7306601e+00   3.5751017e-01
   2.3655091e+00   3.9716651e+00
   3.7129881e+00   1.9863237e+00
   3.7569413e+00   2.2258435e+00
   3.3518042e+00   6.2890419e-01
   9.7925386e-01   3.2048869e+00
   1.7544999e+00   2.9554672e+00
   3.6772939e+00   2.3179858e+00
   2.2764301e+00   3.0533020e+00
   1.9704079e+00   2.8430962e+00
   1.3567072e+00   2.5617861e+00
   2.6042642e+00   6.0466363e-01
   9.7255820e-01   1.6949091e+00
   3.7304399e+00   1.7983877e+00
   2.9417024e+00   2.8432986e+00
   3.3797607e+00   1.7985543e+00
   2.1369856e+00   2.3515267e+00
   3.8639025e+00   2.5875823e+00
   3.4202625e+00   1.8446085e+00
   7.2142096e-01   3.4260514e+00
   3.7638633e+00   2.3405867e+00
   2.8469481e+00   3.3086542e+00
   1.4363136e+00   1.4669615e+00
   3.4844218e+00   3.4796432e+00
   3.8092964e+00   1.1042507e+00
   2.8228125e+00   7.2681598e-01
   2.3838219e+00   6.1772458e-01
   8.5490413e-01   8.7214054e-01
   3.9489780e+00   3.2680662e+00
   3.3155883e+00   3.8685473e+00
