   4.1848191e-01  -5.1023894e-01
   2.8268272e-01  -2.4205668e-01
  -6.5187828e-01  -4.5936078e-01
  -8.7569611e-01  -5.6880140e-01
  -1.8668116e-01   2.6746222e-01
  -7.3874148e-02   5.9943114e-01
  -5.9465140e-01  -5.8297195e-01
   7.3909978e-01   7.9251238e-01
   1.9588074e-01   4.9141894e-01
  -9.5397293e-01   7.2771614e-02
   7.9885287e-01   9.3993039e-01
  -9.4107769e-02   1.2976634e-01
  -8.8394765e-01  -5.6462020e-01
  -7.8746125e-01   7.1552657e-01
   9.9685058e-01   7.2399864e-01
   7.3265481e-01  -3.7339561e-01
   2.3041159e-01  -3.4603158e-01
  -9.4611103e-01   6.8002681e-01
  -3.5495473e-01  -1.4934427e-02
  -7.2447532e-02  -8.9619503e-01
  -8.0196553e-01   5.5603674e-01
   1.4197629e-01  -1.4665523e-01
  -3.4824981e-01  -4.4007624e-01
  -9.9015327e-02  -3.3298398e-01
   1.5568759e-01  -2.6612010e-01
  -8.5031138e-01   5.8958482e-01
  -8.8531466e-01  -9.2261843e-01
  -3.9808713e-01   4.5333867e-01
   4.3442498e-02   7.4536892e-01
   1.2376047e-01  -4.2837043e-01
  -5.1689046e-01   3.1369852e-01
   8.2544033e-01  -5.3622675e-01
   6.5146854e-01   2.4390788e-01
  -1.1090823e-01  -8.4975247e-01
   9.6412513e-01   9.3351175e-01
   1.5653512e-01   2.1993991e-01
  -5.3115301e-01  -2.3256964e-01
   6.2118088e-01  -9.3886045e-01
  -9.7451671e-02   7.1513117e-01
  -5.0006166e-01   2.0708637e-01
   9.1087506e-01   6.9568081e-01
  -7.1469931e-01   9.2324938e-03
   2.5126770e-02  -9.8417832e-01
   9.4385028e-01   8.3814635e-01
   2.9664124e-01  -1.7859041e-01
   2.2934201e-01   4.6473150e-01
  -6.0699256e-02  -6.9778944e-01
   1.5556140e-01   6.3046655e-01
   8.2262645e-01   8.1920506e-01
  -2.4755943e-01   5.5588492e-01
  -5.4247045e-01   5.1424627e-01
  -1.5295026e-01  -1.8960495e-01
  -4.5280756e-01   4.0380216e-01
  -1.1086831e-01   1.3092187e-01
   2.5503009e-01   1.6947270e-01
   6.9282507e-02  -3.1017080e-01
  -2.2911568e-01   4.0846648e-01
   7.4690020e-01  -6.7827264e-01
  -3.9930253e-01  -9.9697213e-01
  -1.9994057e-01   1.2400170e-01
   3.5447029e-02   9.2968250e-02
  -8.7635057e-01   1.0165552e-01
  -5.3726556e-01   3.8907352e-01
  -7.6302802e-01   8.5498818e-01
  -8.0243993e-01   8.8842062e-01
   7.8055091e-01   8.0652666e-01
  -9.3322185e-01   2.0821257e-01
   6.7806998e-01   8.5241951e-01
   1.4533450e-02  -7.6610748e-01
  -7.7256712e-01  -3.1839698e-01
  -1.9108686e-02  -9.2653911e-01
   1.9888344e-01   7.6739701e-02
  -8.1956773e-01   4.7445760e-01
   9.5644807e-01  -6.3755499e-01
   3.0603755e-01  -1.4750668e-01
  -7.7735747e-02  -8.0366409e-01
   7.2751622e-01  -3.9355687e-01
  -4.7434186e-01   5.6024522e-01
   6.4792589e-01   7.3920833e-02
  -3.4204939e-01   5.3814287e-01
   8.8260106e-01   2.7788729e-01
  -5.1178386e-01   7.8629649e-01
   9.1422033e-01  -8.7861923e-01
   2.1649929e-02  -6.4845691e-01
   1.2915972e-01  -1.6733628e-01
   9.8743226e-01   4.7958368e-01
   5.4196788e-01   7.8590958e-01
  -3.7239616e-01  -9.4829339e-01
  -8.8425475e-01  -7.2487394e-01
  -9.1185242e-01  -1.5182513e-01
   6.2588794e-01   5.2913356e-01
  -1.7585344e-01   4.8874375e-02
  -2.3167366e-01   5.0896272e-01
   4.6253065e-02  -6.6040311e-01
   7.8429793e-01   3.4545401e-01
  -1.8815872e-01   2.3730549e-01
   2.0877779e-01  -9.8630782e-01
  -8.1039289e-01   4.8045105e-01
  -3.2803744e-01   9.8347096e-01
  -7.1031632e-01  -7.4363729e-01
