   7.0922623e-01
   5.4160235e-01
  -1.0875795e+00
  -1.2941348e+00
  -3.5799945e-01
  -1.2187844e-01
  -9.3537727e-01
   9.4584519e-01
   3.4319749e-01
  -1.6271222e+00
   8.4531334e-01
  -1.8635769e-01
  -1.3064675e+00
  -1.0695745e+00
   1.2582421e+00
   1.2455163e+00
   4.2968277e-01
  -1.2614245e+00
  -6.9501832e-01
  -9.0420282e-02
  -1.2209019e+00
   2.7996169e-01
  -6.1747664e-01
  -1.8684741e-01
   2.9920218e-01
  -1.2492274e+00
  -9.3471947e-01
  -6.9699721e-01
   6.3826293e-02
   2.2458157e-01
  -9.4012536e-01
   1.2634106e+00
   1.1768155e+00
  -1.4613635e-01
   9.7767001e-01
   3.0428235e-01
  -9.8578152e-01
   6.8757909e-01
  -1.4692063e-01
  -9.3847031e-01
   1.2128979e+00
  -1.3107248e+00
   2.7814799e-02
   1.0832872e+00
   5.7532127e-01
   4.0645181e-01
  -9.2966246e-02
   2.5029786e-01
   1.0008994e+00
  -4.1628802e-01
  -8.9896612e-01
  -2.9924845e-01
  -8.0461205e-01
  -2.1938890e-01
   4.9732081e-01
   1.3184735e-01
  -4.1686353e-01
   1.0579893e+00
  -4.2209213e-01
  -3.9417215e-01
   7.0573125e-02
  -1.5288832e+00
  -9.4707618e-01
  -9.0705474e-01
  -9.0692616e-01
   9.7389464e-01
  -1.5723739e+00
   8.2572022e-01
   2.0945305e-02
  -1.3257891e+00
  -2.2952137e-02
   3.9398686e-01
  -1.3002431e+00
   1.3132464e+00
   5.9602185e-01
  -1.0780001e-01
   1.2283536e+00
  -7.7385372e-01
   1.2037715e+00
  -5.7602219e-01
   1.4855246e+00
  -6.9196506e-01
   1.0110431e+00
   3.4508015e-02
   2.5400361e-01
   1.4809181e+00
   7.2911052e-01
  -4.2429848e-01
  -1.1579723e+00
  -1.5630887e+00
   1.0114071e+00
  -3.4947915e-01
  -4.0100845e-01
   7.3030208e-02
   1.3291995e+00
  -3.6361666e-01
   2.2872573e-01
  -1.2850566e+00
  -3.5706981e-01
  -9.5986686e-01
