  -6.4234266e-01  -7.3743156e-01
   9.9284722e-01   2.1979654e-01
   9.1825512e-01   3.1238746e-01
  -6.8800753e-01   6.8199063e-01
   8.5787133e-01  -3.6424380e-04
  -1.5085163e-01  -3.8560384e-01
  -5.5383211e-01  -6.6047216e-01
  -7.2720981e-01  -9.0246921e-01
  -4.7964869e-01  -5.4836574e-01
   8.8930766e-02  -2.6605783e-01
  -8.3558322e-01   1.3569277e-01
   1.9625463e-01   1.3943081e-01
  -9.4162764e-01   5.5755296e-01
  -9.0182205e-02   1.8048310e-01
  -3.3500263e-01  -7.7867307e-01
   8.8734566e-01   2.8135589e-01
  -3.9379636e-01  -8.5596135e-01
  -1.4355133e-01  -2.6830841e-01
   3.2206752e-01  -4.2539387e-01
  -2.3782398e-01   4.8287620e-01
  -7.2765878e-01  -8.6602514e-01
  -8.0674675e-01   5.1433191e-01
  -3.8967672e-01  -5.1857393e-01
   6.4776730e-01  -5.3818033e-01
   2.5450573e-01  -9.7602324e-01
  -5.8813447e-01  -7.3505075e-01
   9.6037092e-01  -5.8122690e-01
  -1.2445144e-01  -5.7163457e-01
   6.7039155e-01   8.1158874e-01
   7.8360896e-02  -4.4445500e-01
  -9.4974613e-01  -8.0579602e-01
  -9.8635144e-01   5.6564305e-01
   5.7217248e-01   3.3504189e-01
  -1.0521429e-01   2.2534510e-01
  -4.2252510e-01  -3.1241516e-01
   7.2636053e-01   3.8067778e-01
   3.1245699e-01  -5.3288206e-01
  -4.3061273e-01  -3.8394115e-01
   2.8913245e-01  -2.8539859e-01
  -4.7283764e-01  -5.6660414e-01
  -6.5044267e-01   3.5456001e-01
  -2.6276100e-01   4.7202943e-01
   7.5084446e-02  -9.7996286e-01
   8.5281431e-01  -2.8817137e-01
   4.9824146e-01  -5.2009083e-01
  -7.0452903e-01   8.5521746e-01
  -9.9422451e-01   5.2597363e-01
  -7.4597221e-01  -2.4122579e-01
   8.3384270e-01   3.7191255e-01
   3.4424341e-01   3.9774535e-01
  -7.7242039e-01   1.8079647e-01
   9.2045499e-01   9.2411107e-01
  -7.6123376e-01   5.6269131e-01
  -1.5168609e-02   7.6854958e-02
  -2.7737320e-01  -8.1172350e-01
  -5.9999019e-02   7.7201737e-01
  -8.8244046e-01  -4.8500973e-01
  -3.3997660e-01  -7.2986268e-02
  -4.7095904e-01  -3.3840346e-01
  -5.0816467e-01   5.1354678e-01
   8.9535272e-01   6.0569867e-01
  -9.3511601e-01   6.0623538e-01
   8.1230127e-01   7.5327372e-01
  -2.6300459e-01  -8.2505186e-01
   3.2508075e-01   3.3582725e-01
   9.0724926e-01   4.8439451e-03
  -8.1174309e-01  -3.2887592e-01
   3.7063124e-01   1.7712294e-01
  -1.7511904e-01  -2.9613483e-01
  -7.7642255e-01  -5.8656469e-01
  -1.6329874e-02  -4.7569091e-01
  -7.6895232e-02  -8.0270139e-01
   7.5411628e-01  -6.9987362e-01
   3.2047835e-01  -3.5796131e-01
  -4.4407032e-01   1.8877891e-01
   3.1433643e-01  -6.9252388e-01
   2.9082990e-01  -8.7474880e-01
   7.9444749e-01  -9.8443554e-01
   7.6467312e-01   5.4852026e-01
  -3.2965515e-01   3.6409004e-01
  -1.4599614e-01  -7.5899369e-01
   6.0752998e-01   4.3850680e-01
   8.4618841e-01  -6.7629179e-01
   7.3344768e-01  -7.5967970e-01
  -6.9945492e-04   3.6230421e-01
   1.6896609e-01  -7.1034669e-01
   8.4951400e-01  -8.8434450e-01
  -6.6776620e-01  -7.3011599e-01
  -2.5127972e-01  -9.7043912e-01
  -4.8118394e-01  -6.2176570e-01
   6.6096183e-01  -8.5827576e-01
  -8.5964663e-01  -9.2428050e-01
  -4.3793945e-01  -3.8425958e-01
   1.1008968e-01   3.1471092e-02
   2.3793376e-01  -2.1297852e-01
  -1.8042583e-01   9.9039103e-01
  -4.8314311e-01  -1.2080004e-01
  -1.6650768e-01  -6.9712071e-01
  -2.3588892e-01   5.5610106e-01
  -8.0733173e-01   4.8234693e-01
