  -8.8686502e-01
   1.6348681e+00
   1.5121789e+00
  -9.8592456e-01
   1.5129039e+00
  -2.7849059e-01
  -8.3068878e-01
  -8.2390335e-01
  -7.8761211e-01
   1.7137735e-01
  -1.4697402e+00
   3.8620967e-01
  -1.3721381e+00
  -1.7719436e-01
  -4.6806965e-01
   1.4898191e+00
  -5.0302118e-01
  -2.7588053e-01
   5.7663650e-01
  -4.1730392e-01
  -8.6181282e-01
  -1.2572476e+00
  -6.5988829e-01
   1.0362230e+00
   2.8214069e-01
  -8.2311235e-01
   1.3696992e+00
  -2.0879181e-01
   8.5532995e-01
   1.4135074e-01
  -1.1264365e+00
  -1.4082304e+00
   1.0227055e+00
  -2.0473011e-01
  -7.8043042e-01
   1.2332169e+00
   5.2955168e-01
  -7.7407419e-01
   5.4717503e-01
  -7.6849236e-01
  -1.1357477e+00
  -4.6268733e-01
   8.3573513e-02
   1.4441589e+00
   8.2938638e-01
  -8.4982015e-01
  -1.4500463e+00
  -1.3180708e+00
   1.3797859e+00
   6.2227880e-01
  -1.3729921e+00
   9.5910247e-01
  -1.1669224e+00
  -3.0246506e-02
  -3.7692677e-01
  -8.5927599e-02
  -1.3664469e+00
  -6.6515448e-01
  -8.5601521e-01
  -8.4762040e-01
   1.2831895e+00
  -1.3225504e+00
   1.0589796e+00
  -3.5280673e-01
   6.0308761e-01
   1.5756065e+00
  -1.3732123e+00
   7.1307419e-01
  -3.3328320e-01
  -1.1672046e+00
  -2.9032459e-02
  -1.0674317e-01
   1.0474019e+00
   5.9010481e-01
  -8.4397201e-01
   4.7592119e-01
   3.6771889e-01
   7.8958081e-01
   1.1814770e+00
  -6.0499309e-01
  -2.1109706e-01
   1.0336640e+00
   1.1679135e+00
   9.7075627e-01
  -1.3080962e-03
   2.5498118e-01
   9.5191135e-01
  -9.2277816e-01
  -2.8093617e-01
  -7.5242227e-01
   8.0263505e-01
  -9.1278460e-01
  -7.8629837e-01
   2.1962606e-01
   4.6073946e-01
  -1.9680581e-01
  -9.2235863e-01
  -2.5414270e-01
  -3.9698458e-01
  -1.2800404e+00
