   3.7953067e+00   3.7505793e+00
   3.1889194e+00   7.7863428e-01
   3.3525672e+00   1.5886590e+00
   3.0238837e+00   2.9403583e+00
   3.2365885e+00   2.6130520e+00
   1.7990828e+00   3.3843893e+00
   7.8326404e-01   1.1158644e+00
   8.9035870e-01   1.4814860e+00
   3.3215824e+00   1.1117285e+00
   4.1305028e-01   4.0373076e-01
   2.3127684e+00   2.8167762e+00
   3.3469394e+00   1.3587511e+00
   3.8090690e+00   4.1392588e-01
   2.0029934e+00   1.3524684e+00
   5.5715113e-01   7.1881698e-01
   2.2328782e+00   5.6500667e-01
   1.0246718e+00   2.4497568e+00
   1.4052324e+00   3.4055579e-01
   3.9101459e+00   3.4209548e+00
   9.1166937e-01   5.4442863e-01
   3.1761949e+00   2.0911590e+00
   1.5630997e+00   9.0089004e-01
   2.0541806e+00   1.8612453e+00
   6.7087570e-01   3.4933219e+00
   5.2267228e-01   2.7287174e+00
   3.4883652e+00   3.8611521e+00
   5.6222496e-01   1.7643121e+00
   3.5663438e+00   1.8241394e+00
   1.7572080e+00   3.1832803e+00
   1.9281871e+00   3.6375900e+00
   1.5977085e+00   2.7764529e+00
   4.1969841e-01   9.3408984e-01
   2.9845942e+00   1.4831951e+00
   1.6079120e+00   1.3034618e+00
   2.6719235e+00   1.1539498e+00
   3.1548795e+00   2.8992202e+00
   2.8051981e+00   1.4450406e+00
   2.0977282e+00   3.9033169e+00
   3.3048778e+00   3.4910135e+00
   5.8118785e-01   2.5931606e+00
   4.0483156e-01   3.5539533e+00
   1.9039760e+00   1.4363223e+00
   8.3086879e-01   2.6169244e+00
   3.2897371e+00   2.6457379e+00
   3.0649259e-01   1.4144305e+00
   6.5601969e-01   2.4569294e+00
   1.8601976e+00   6.9840207e-01
   1.1699217e+00   3.2541114e+00
   3.8383143e+00   3.5380062e+00
   1.6745028e+00   2.6963778e+00
   2.1178843e+00   5.0375604e-01
   1.2897841e+00   3.7726791e+00
   2.4322372e+00   5.1445715e-01
   2.2241677e+00   1.2218364e+00
   3.9218156e+00   1.6879362e+00
   2.7447403e+00   1.8300584e+00
   3.4310967e+00   9.1118162e-01
   6.2243130e-01   3.7853033e+00
   1.8646405e+00   7.7376042e-01
   4.5320401e-01   3.0949387e+00
   2.5278882e+00   2.6685751e+00
   3.0063518e+00   1.4344772e+00
   2.8257262e+00   7.2815989e-01
   5.2581820e-01   3.8355290e+00
   2.8030607e+00   3.3493475e+00
   1.4361778e+00   8.6313033e-01
   1.5886861e+00   1.7536940e+00
   2.9880484e+00   2.0122222e+00
   6.9624040e-01   3.0299275e+00
   1.2342465e+00   3.5399182e+00
   1.9240435e+00   3.9032168e+00
   2.4725650e+00   2.9783457e+00
   1.4359243e+00   2.6047839e+00
   1.9112353e+00   3.4157433e+00
   1.4482446e+00   1.6987554e+00
   3.6890842e+00   3.6251225e+00
   2.7361527e+00   3.2184152e+00
   9.5455421e-01   3.6625528e+00
   2.6868846e+00   1.8592178e+00
   4.3058310e-01   5.6117106e-01
   3.1956444e+00   3.6578337e+00
   3.0667475e-01   2.5671335e+00
   1.7227067e+00   3.0762513e+00
   2.7881281e+00   2.4474924e+00
   4.4611522e-01   3.9797330e+00
   1.9086094e+00   9.1370943e-01
   9.4520874e-01   2.9226448e+00
   2.4578824e+00   9.1680064e-01
   1.0068324e+00   5.9352434e-01
   1.7194657e+00   2.6460855e+00
   3.5640652e+00   2.3404788e+00
   3.0681303e-01   3.1574124e+00
   2.8167527e+00   5.0306531e-01
   1.3453041e+00   4.7257705e-01
   3.3392119e+00   2.4552866e+00
   1.3882049e+00   3.1184556e+00
   1.7433711e+00   9.8546336e-01
   3.8189990e+00   2.2830684e+00
   3.3904421e+00   2.4226765e+00
   3.5938017e+00   2.5382738e+00
