   1.4621976e-04
   1.9939695e-03
   1.9442567e-03
   1.1935695e-02
   5.5428640e-03
   2.6641163e-01
   3.0621418e-01
   4.4161242e-01
   1.4591308e-03
   1.2665782e-01
   1.3724438e-01
   1.6198942e-03
   6.7392701e-05
   1.4529407e-01
   1.8796944e-01
   4.4236558e-02
   8.3107794e-01
   1.4472661e-01
   1.0247519e-04
   1.9748743e-01
   6.4186126e-03
   1.9383603e-01
   2.0468307e-01
   4.1036384e-01
   6.3582435e-01
   6.7015661e-04
   4.7414478e-01
   8.3256342e-04
   3.3813411e-01
   1.6940489e-01
   5.4808789e-01
   1.9552924e-01
   8.7180494e-03
   2.6258290e-01
   2.0284805e-02
   7.0796425e-03
   1.6618155e-02
   9.4560315e-02
   2.2591812e-03
   6.9424417e-01
   3.0366600e-01
   1.8944701e-01
   8.0071093e-01
   4.3275117e-03
   2.5991355e-01
   7.3919855e-01
   1.0732543e-01
   5.4930074e-01
   1.3927116e-04
   5.1226826e-01
   5.5275077e-02
   3.2608096e-01
   2.5001497e-02
   7.8852945e-02
   1.0544871e-04
   2.8892312e-02
   7.2806386e-04
   3.0404481e-01
   1.1328015e-01
   4.7721544e-01
   7.8853070e-02
   7.6457550e-03
   8.2213889e-03
   2.6767236e-01
   2.0159547e-02
   2.1311642e-01
   4.0246642e-01
   1.3359345e-02
   6.1577845e-01
   4.1491824e-01
   1.3435388e-01
   8.0034873e-02
   6.8286393e-01
   2.1382311e-01
   4.4407078e-01
   2.9347116e-04
   2.8601611e-02
   3.9111324e-01
   3.6073835e-02
   1.4580993e-01
   3.1724655e-03
   5.1336397e-01
   3.8715822e-01
   3.3978796e-02
   2.1707701e-01
   1.1785451e-01
   7.2318419e-01
   3.2208828e-02
   2.0683057e-01
   4.8793148e-01
   1.1388504e-03
   3.7891949e-01
   7.1054724e-03
   1.6714221e-01
   3.4968289e-03
   5.4351341e-01
   1.6470544e-01
   2.8371409e-04
   2.7353255e-03
   9.9641300e-04
