  -3.9267724e-01   1.4947432e-01
  -9.0761689e-01  -3.4791566e-01
  -6.0904647e-01  -8.7150798e-02
   4.4033161e-01   4.2759117e-01
   4.4350655e-01   7.6881009e-01
   7.5559814e-01   4.4171134e-01
   1.6486593e-01  -9.6277445e-01
  -8.5863133e-01   3.4955293e-01
   8.4548914e-01  -1.2298235e-01
   6.0074418e-01  -1.2435964e-01
  -4.2810629e-01  -7.6592636e-01
   8.7326466e-02   6.2936338e-01
   9.6955247e-01  -3.5028912e-01
   4.3135613e-01  -5.0754377e-01
   6.7793919e-01  -3.1457356e-01
  -1.3347888e-01  -2.4861572e-01
  -5.8750569e-02   9.3107586e-02
   1.2142682e-01   1.2384031e-01
  -4.6181691e-01  -2.0835554e-01
   4.9803694e-01  -2.0373824e-01
   7.7755469e-03   3.0734438e-02
   2.9361933e-01   3.1506108e-01
  -3.8450884e-01   9.0183040e-01
  -7.2255073e-01   4.4469703e-01
  -4.8854132e-02  -1.9984051e-01
  -2.7508144e-01   6.6374268e-01
   5.7622686e-01  -7.3132332e-01
   5.6059164e-01  -8.7906646e-01
   3.3702443e-01  -8.3150590e-01
  -7.3299228e-01  -6.7220336e-01
  -9.5688823e-01  -3.5156016e-01
   1.1968141e-01  -3.9654645e-01
  -3.9836196e-01  -9.7663802e-01
   8.7881943e-01   7.9810188e-02
   9.6180727e-01  -8.0925461e-01
  -4.2675922e-01  -7.0697029e-01
   6.0164057e-01   2.6228241e-01
   7.9222270e-01   7.1864082e-01
   1.9505315e-01   9.4844326e-01
   7.6803347e-01   1.4167685e-01
   8.8746308e-01   9.9370043e-01
   9.8316175e-02   1.0708315e-01
   4.5677365e-01   3.0916910e-02
   1.5351660e-01  -3.3863587e-01
  -9.4828506e-01  -1.3999640e-01
  -1.0693804e-01  -1.6387493e-02
   2.9260391e-01  -8.5792583e-01
   4.2405905e-02   7.7547843e-01
  -2.5537468e-01  -8.7073282e-01
   8.7426933e-01  -1.2763009e-01
   6.5906565e-01   6.5325901e-01
   6.9817096e-01  -2.1093063e-01
  -2.5493152e-01   2.2694976e-01
   1.8636915e-01   6.3728147e-01
   7.4510513e-01   7.7247008e-01
   8.6700322e-01   8.6222325e-01
   3.3692855e-01  -6.1843070e-01
  -5.8644708e-01  -4.8283550e-01
   3.0770118e-01   7.9573137e-01
  -8.5589690e-01   1.8672372e-01
  -1.8654617e-01   7.6801637e-03
   3.3386307e-01   2.2561918e-01
   8.6745132e-01   6.3884448e-01
   6.2190006e-01   6.3778339e-02
  -3.0903456e-02  -5.9584981e-01
   5.1349842e-01  -9.2213069e-02
  -1.6590509e-01  -1.4417816e-01
   9.4357199e-01   9.3210550e-01
   9.7594940e-01   2.4011011e-01
   7.2829506e-01   3.9077990e-01
  -2.2223245e-01   4.4032922e-01
  -9.0516344e-02  -3.0620962e-01
  -5.0662560e-01   3.3980841e-02
   5.6884619e-01   1.1338926e-01
   7.6567521e-01  -6.8700956e-01
   8.2742336e-01   1.2411209e-01
   1.1656985e-01   3.8960658e-01
   1.9773621e-01  -1.4708893e-01
  -7.0224656e-01   6.7254084e-01
   7.9942697e-01   4.6277413e-01
  -9.9212839e-02  -2.7993792e-01
  -5.8865532e-01  -9.1575256e-02
   7.9930198e-01  -2.2722020e-01
   5.2517108e-01   5.5110928e-01
   7.6497261e-01   4.6854221e-01
  -4.3009956e-01  -1.3944431e-01
   3.4645197e-01   3.8750515e-01
   3.2855981e-01   8.9042697e-01
  -7.5437001e-01   5.6846520e-01
  -1.8536315e-01   4.1114372e-01
  -4.4942610e-01  -7.8133152e-01
   4.3333948e-01  -2.2013869e-01
  -4.3323124e-01   1.8180946e-01
   7.9239771e-01  -8.1239904e-02
   6.5315778e-01  -8.9932003e-01
  -2.1994697e-01  -5.4262483e-01
  -4.1941141e-03   6.6837812e-01
   3.8961039e-01  -9.6871061e-01
   6.6873800e-01   7.2742173e-01
   2.1925938e-01  -8.4386189e-01
