  -7.5679273e-01
  -1.4816477e+00
  -1.1398289e+00
   7.7572793e-01
   6.1683488e-01
   1.2398186e+00
   1.8750554e-01
  -1.4223462e+00
   1.4852879e+00
   1.1217824e+00
  -5.9842902e-01
   1.4101047e-01
   1.5491112e+00
   7.3079484e-01
   1.1928242e+00
  -2.5798221e-01
  -1.1692490e-01
   2.4040199e-01
  -8.7187739e-01
   9.3564317e-01
   1.5543593e-02
   5.5034526e-01
  -4.6526020e-01
  -1.1939656e+00
  -9.5725610e-02
  -4.2791418e-01
   8.1107496e-01
   6.7829526e-01
   4.4560091e-01
  -1.0470710e+00
  -1.5348156e+00
   2.2026165e-01
  -4.3431195e-01
   1.5350703e+00
   1.1319754e+00
  -6.2943864e-01
   1.0932782e+00
   1.0717201e+00
   2.2597268e-01
   1.3755228e+00
   8.4618387e-01
   1.9519124e-01
   8.8168809e-01
   2.8846022e-01
  -1.6089370e+00
  -2.1344002e-01
   3.7729253e-01
   6.0544793e-02
  -3.2549356e-01
   1.5216716e+00
   9.7258836e-01
   1.2571412e+00
  -4.9142515e-01
   2.9784463e-01
   9.7122256e-01
   9.9225612e-01
   5.3872220e-01
  -9.8028213e-01
   4.2387216e-01
  -1.4840656e+00
  -3.7092126e-01
   6.3878009e-01
   1.2245414e+00
   1.1627921e+00
  -5.1147701e-02
   9.7828089e-01
  -3.2686314e-01
   9.6534887e-01
   1.6089475e+00
   1.2308405e+00
  -3.9876666e-01
  -1.7237598e-01
  -9.6989874e-01
   1.0704024e+00
   1.0716175e+00
   1.4610544e+00
   2.1517977e-01
   3.8865774e-01
  -1.0105530e+00
   1.2830908e+00
  -1.9038878e-01
  -1.1058333e+00
   1.3968869e+00
   8.5426324e-01
   1.2357659e+00
  -8.2582804e-01
   6.2877151e-01
   4.0598345e-01
  -1.1542507e+00
  -3.3788885e-01
  -6.1689671e-01
   8.1954096e-01
  -8.2577305e-01
   1.4193809e+00
   7.5614853e-01
  -3.7367596e-01
  -6.5832953e-03
   4.3024082e-01
   9.2613969e-01
   2.8910225e-01
