   1.3793588e-03
   3.7353970e-01
   2.2185809e-01
   3.0474359e-01
   2.9874103e-02
   8.5483208e-02
   3.5200818e-01
   1.4172945e-01
   6.9653951e-01
   7.5030925e-02
   1.9924107e-03
   1.0420732e-02
   1.5563654e-01
   3.0730773e-02
   1.1674595e-03
   1.0840979e-01
   1.5228555e-04
   4.7483658e-02
   1.4252249e-03
   3.2101151e-01
   4.6459400e-01
   8.0741702e-01
   3.4841857e-02
   2.1573600e-01
   4.1089889e-02
   2.1548080e-01
   2.9743080e-04
   1.5875731e-02
   1.6799061e-02
   1.0044205e-01
   4.0744750e-02
   1.9334589e-01
   2.9261367e-05
   3.0778517e-01
   1.1738282e-01
   6.9499685e-03
   1.4254083e-04
   3.3494222e-02
   3.5157669e-02
   2.2883374e-02
   7.0223046e-01
   1.8211513e-01
   3.7747051e-02
   4.4668271e-01
   1.6113631e-01
   4.8803275e-03
   3.1451600e-02
   2.3959288e-01
   1.9417016e-01
   1.2459893e-01
   1.6687616e-04
   5.0536854e-02
   2.6124787e-01
   5.5734265e-01
   6.6669486e-01
   1.7651727e-01
   1.2486009e-03
   6.5145101e-02
   6.3378050e-01
   4.4892321e-02
   3.5520250e-02
   1.7591621e-01
   1.9836004e-01
   1.7643993e-04
   2.2350098e-04
   7.2721988e-01
   6.4318764e-01
   1.8026284e-03
   1.3173460e-01
   6.9957164e-04
   1.8828226e-01
   6.0626558e-02
   4.0470961e-01
   2.7077490e-01
   1.2646900e-01
   1.0789867e-02
   1.1335820e-02
   5.9125371e-01
   6.4807998e-02
   4.1185875e-01
   2.3568382e-01
   9.9897855e-05
   8.2186085e-02
   2.3267851e-01
   6.0452224e-05
   1.3207344e-02
   1.2771232e-01
   5.2302524e-01
   3.0851484e-01
   7.8658418e-01
   1.3543651e-01
   1.0669123e-04
   8.0938918e-01
   2.6337111e-03
   1.2543691e-03
   6.9791529e-04
   3.3673797e-02
   3.3425908e-02
   5.3884853e-03
   7.4292955e-01
