   3.1931778e+00   3.3047918e-01
   9.1210202e-01   1.2931496e+00
   2.1323287e+00   2.2752622e+00
   1.2589476e+00   1.1330222e+00
   2.6005073e+00   3.6762167e+00
   1.9913136e+00   7.1713260e-01
   1.2451864e+00   1.2854656e+00
   2.2772823e+00   2.0752455e+00
   6.3899954e-01   2.7454570e+00
   2.3776720e+00   3.3930042e+00
   3.4531395e+00   2.6484371e+00
   2.9917152e+00   3.2853103e+00
   2.2931808e+00   2.4179552e+00
   2.7849832e+00   2.1193318e+00
   3.4845253e+00   3.2656006e+00
   2.3421325e+00   1.9318902e+00
   3.6695275e+00   4.8081799e-01
   2.3599732e+00   3.9536031e+00
   3.4758500e+00   3.0722231e+00
   1.9752224e+00   2.4409857e+00
   8.9427885e-01   1.5364164e+00
   1.1776958e+00   2.4954024e+00
   2.5634505e+00   3.6360839e+00
   1.9047703e+00   3.4188970e+00
   2.5464747e+00   3.5131397e+00
   1.1756266e+00   6.8345763e-01
   3.7540423e+00   3.2130493e+00
   2.9026131e+00   1.8020553e+00
   2.7998505e+00   1.4357773e+00
   1.7564525e+00   3.9812520e-01
   2.6957638e+00   2.9286867e+00
   1.9622441e+00   3.4214220e+00
   3.9628956e+00   4.8458488e-01
   6.4637481e-01   1.2088362e+00
   2.0329840e+00   3.8155802e+00
   2.8666243e+00   7.0729742e-01
   3.7847273e+00   3.8445075e+00
   2.6365931e+00   1.5779283e+00
   2.5833292e+00   3.5576583e+00
   2.6810569e+00   1.3213092e+00
   8.6067113e-01   2.9434596e+00
   1.2052724e+00   4.8394826e-01
   2.3355265e+00   6.9683818e-01
   1.1928382e+00   3.4782658e+00
   2.1650362e+00   1.8698340e+00
   3.2646318e+00   2.3813450e+00
   2.7550056e+00   3.0110810e+00
   4.3606145e-01   3.8552670e+00
   1.0697101e+00   5.1879944e-01
   1.7915557e+00   7.4239453e-01
   3.6974814e+00   7.8396056e-01
   2.5495681e+00   3.2700659e+00
   1.1077099e+00   8.9263217e-01
   1.5909874e+00   2.2444619e+00
   1.2913017e+00   2.9217910e+00
   1.7259279e+00   3.9644659e+00
   3.5496179e+00   2.5586101e+00
   2.3535917e+00   1.3788545e+00
   1.5021598e+00   2.3382566e+00
   2.6995822e+00   2.3006292e+00
   2.5584934e+00   3.6319102e+00
   6.2916173e-01   5.6243599e-01
   1.6571803e+00   3.9398809e+00
   3.7778240e+00   3.6510678e+00
   3.7144100e+00   3.7742726e+00
   1.2651720e+00   2.7858835e+00
   1.2789212e+00   2.9882480e+00
   3.1872239e+00   6.4546835e-01
   1.7870588e+00   8.0125159e-01
   3.5798869e+00   3.2993794e+00
   1.9730921e+00   3.4275826e+00
   2.1388575e+00   6.8099589e-01
   1.6799589e+00   3.0968176e+00
   1.7123253e+00   1.4883429e+00
   1.9949169e+00   1.1814790e+00
   2.9558043e+00   3.4065197e+00
   3.0008197e+00   1.8593432e+00
   1.5436886e+00   2.7418475e+00
   2.0179024e+00   4.3238119e-01
   1.6975111e+00   3.0409713e+00
   5.3661435e-01   3.9909964e+00
   3.9359972e+00   1.7213449e+00
   2.5062848e+00   2.2582496e+00
   1.9655063e+00   3.2014077e+00
   3.8964392e+00   9.0014297e-01
   2.8480213e+00   3.6352522e+00
   2.1055385e+00   1.4480657e+00
   1.6221819e+00   2.8134445e+00
   1.8965054e+00   1.9989859e+00
   1.0629207e+00   2.7574811e+00
   2.3159447e+00   2.8267238e+00
   3.8427577e+00   1.1966161e+00
   9.9191913e-01   2.3118009e+00
   3.1497577e+00   9.0764964e-01
   3.3983079e+00   3.6543780e+00
   3.6607608e+00   2.4190715e+00
   2.6334534e+00   3.4275389e+00
   2.4962995e+00   3.9100981e+00
   3.1586298e+00   3.2465604e+00
   1.3103540e+00   2.3502589e+00
