   4.9389719e-01  -1.5394878e-01
   8.8904693e-01  -5.6215143e-01
   8.3942845e-01  -6.4706958e-03
  -5.5385142e-01  -9.2026057e-01
   1.9534376e-02   1.2963300e-01
   5.7548039e-01  -9.0171408e-01
   4.4903829e-02   7.4456249e-01
   2.3478389e-01   7.2004952e-01
   1.1648140e-01  -3.2348411e-01
   4.6198405e-01   9.4806093e-01
  -8.7319577e-01   9.0955002e-01
  -1.4426946e-02   9.7724200e-01
  -5.4015192e-01  -6.8456465e-01
  -3.2521784e-01  -9.9416330e-01
   1.0327621e-01  -5.0364008e-01
   4.8737134e-01  -3.0741976e-01
  -1.7538891e-01  -5.3332257e-01
   1.5236665e-02   5.1178237e-01
  -7.4205525e-01  -5.4814464e-01
  -5.7032869e-01  -1.0311351e-01
  -4.1434072e-01  -4.8111087e-01
  -1.0006834e-01  -3.0841097e-01
  -5.1943577e-01   8.0590990e-01
  -4.7347303e-01  -9.7459826e-01
   7.8316514e-01  -7.3555439e-01
   1.7227966e-01  -2.2387469e-01
   8.7734924e-01   6.8124202e-01
   2.3615975e-01  -5.7346739e-01
  -4.9856192e-01   8.7046880e-01
  -7.9492509e-01   9.3960076e-01
   9.2727802e-02  -2.4948289e-01
  -1.1470877e-01   9.6972568e-01
   3.8301227e-01  -7.5582861e-01
   5.1887892e-01   5.2191494e-01
  -2.0115763e-01   1.5872337e-01
   1.3482680e-01   2.4231308e-01
  -5.8883215e-01  -2.0191519e-02
   8.8705722e-01  -5.5909929e-01
   2.5613289e-02  -7.1173151e-01
  -4.4750680e-01   2.7035141e-01
  -5.4172090e-01   6.0483139e-01
   9.0585683e-01   3.3928652e-01
   3.7884166e-01  -5.6794085e-02
   4.1574550e-01   8.8895623e-01
   3.1384382e-01   1.8296174e-01
   5.5793490e-01  -5.4650448e-01
   1.6093911e-01   3.6768737e-01
   6.4602672e-03  -3.5871429e-01
   7.5746262e-01   4.9783709e-01
  -2.1410146e-01   9.9628641e-01
  -5.1472898e-01  -4.6053330e-01
  -4.3674674e-01   8.6373927e-01
   8.0954202e-01   3.9277411e-01
   4.0535044e-01  -8.0948143e-01
   7.0611145e-01  -5.0825566e-01
  -2.4263261e-01   8.6931510e-01
   2.6604326e-01  -4.0431564e-02
  -9.3688631e-01   7.6505549e-01
   8.4006708e-01   5.5859463e-01
  -6.0506230e-02  -9.6343223e-01
   3.9806372e-02   5.4152349e-01
   5.3262423e-01   3.7159681e-01
  -3.2756680e-01   7.3533413e-01
   2.5197024e-01   1.6101934e-01
  -3.4619598e-01   2.5220956e-01
  -3.7778630e-01  -7.7770561e-01
   2.9215680e-01  -5.7261155e-01
  -1.3261674e-01  -9.2726047e-01
  -7.9422690e-01  -1.1091014e-01
  -5.2769807e-01  -3.4683819e-01
   9.4356559e-01  -4.2541154e-01
   3.9779483e-01  -7.0960215e-03
   3.1890051e-01  -6.3658961e-01
  -3.4780532e-01   8.6758374e-01
  -9.6035617e-01   8.8036257e-01
   1.4094518e-01   1.8292616e-01
  -9.2733020e-01  -9.9838276e-01
  -4.7051451e-01   8.0601289e-01
  -6.1868313e-01   3.6578588e-01
  -1.0140075e-01  -8.5229796e-01
   5.3731036e-01   9.9276832e-01
   2.5587239e-01  -3.7108607e-01
  -3.7059941e-01   6.1843968e-01
  -4.1591373e-01  -7.7098788e-02
  -8.4352402e-01   1.7428293e-01
  -6.5611233e-01  -4.4808973e-02
   4.4256069e-01   1.0490726e-01
  -8.2110283e-01  -6.4936692e-01
   8.3562441e-01   1.7448974e-01
  -1.4064610e-01  -6.9039694e-01
  -8.4055426e-01  -1.0909490e-01
   1.4428823e-01   7.5242845e-02
   6.6354463e-01  -7.6199770e-02
  -3.0526439e-01   6.6821942e-01
   5.5977801e-01   9.9234462e-01
   4.1667846e-01   9.4448855e-01
   1.8188472e-01   4.9185875e-01
  -2.4601261e-01  -6.0008609e-01
  -2.1234995e-01  -9.2734153e-01
  -1.4338231e-01  -6.2279187e-01
