   9.3690866e-01
   1.3139612e+00
   1.4884919e+00
  -6.3706445e-01
   3.8738478e-02
   6.7514489e-01
   6.6020963e-02
   3.4977417e-01
   2.2038074e-01
   5.1994653e-01
  -9.4127643e-01
  -1.6137738e-02
  -7.9679844e-01
  -3.4840225e-01
   1.8058373e-01
   8.9269924e-01
  -3.0051646e-01
   2.6567846e-02
  -1.1535881e+00
  -1.0740820e+00
  -7.1377093e-01
  -1.9037555e-01
  -6.8745610e-01
  -5.1206601e-01
   1.0462371e+00
   3.3430125e-01
   1.1947782e+00
   3.9308239e-01
  -6.1632167e-01
  -8.4245475e-01
   1.7945651e-01
  -1.2945720e-01
   5.4390910e-01
   8.5976980e-01
  -3.9458438e-01
   2.6098343e-01
  -1.1105540e+00
   1.3143530e+00
   3.8786168e-02
  -8.3400314e-01
  -8.4828156e-01
   1.4841834e+00
   7.3849638e-01
   5.0905871e-01
   6.0712844e-01
   9.0464242e-01
   2.9906928e-01
   1.2098045e-02
   1.2073611e+00
  -2.3092180e-01
  -8.8201821e-01
  -5.4955285e-01
   1.3376830e+00
   5.4409092e-01
   1.1337162e+00
  -3.1010218e-01
   5.2540221e-01
  -1.1623993e+00
   1.2629918e+00
  -6.9020279e-02
   6.8204088e-02
   9.4627618e-01
  -4.7720929e-01
   4.9217491e-01
  -6.5717391e-01
  -5.2564952e-01
   4.8415232e-01
  -1.5868137e-01
  -1.4178784e+00
  -9.4712165e-01
   1.4749809e+00
   7.7475310e-01
   5.0422461e-01
  -4.4081701e-01
  -1.0436999e+00
   2.7627036e-01
  -8.6668267e-01
  -6.2777463e-01
  -1.0831885e+00
  -1.3326645e-01
   5.5929751e-01
   4.7172544e-01
  -5.9018757e-01
  -8.0565143e-01
  -1.4713492e+00
  -1.2188573e+00
   8.5180086e-01
  -1.1658645e+00
   1.4609054e+00
  -2.1616009e-01
  -1.4811678e+00
   2.8676251e-01
   1.2282519e+00
  -4.7181181e-01
   5.8062326e-01
   4.7446546e-01
   3.1888193e-01
  -4.0197843e-01
  -2.5289356e-01
  -2.3212817e-01
