  -8.1128368e-01  -2.2609981e-01
  -7.8642850e-01  -8.6892932e-01
   4.6978726e-01   9.9718678e-01
  -2.9081595e-01   3.2208780e-01
   1.6126720e-01  -5.4165540e-01
  -4.0228913e-01  -8.1549085e-01
   4.2736188e-01  -5.1804268e-01
  -2.7902760e-01   8.0513932e-01
   4.3691905e-01  -5.6530402e-01
   9.9064747e-01  -4.0954494e-02
  -8.3259979e-01   8.1845653e-01
  -6.3588206e-02  -6.1243512e-01
  -8.1239388e-01  -1.0402479e-01
   4.5034091e-01   2.3560017e-01
   8.2409089e-01   1.8842607e-01
  -8.2717113e-01   3.3175444e-01
   3.9901777e-02  -4.6463962e-01
   1.0526200e-01  -1.5226563e-01
   3.7029808e-01   5.9864759e-01
  -4.0069043e-01   8.6462566e-01
   2.0375543e-01  -6.0561805e-02
  -6.0299219e-01  -3.8739323e-01
   3.1351483e-01  -1.2125634e-01
   3.9671412e-01  -3.8627992e-01
  -8.0639239e-02  -4.4997405e-01
  -6.8468166e-01  -7.2250523e-01
  -1.5642837e-01  -6.6690506e-01
   1.9210873e-01  -1.2105213e-02
  -3.5533701e-01  -8.2683298e-01
   6.6145764e-01   8.5367782e-01
  -7.5462998e-01  -7.0304750e-01
  -4.9763860e-01  -6.7904160e-01
   8.7521503e-01   4.3544718e-01
   3.1041642e-01   3.4978892e-01
   5.0582174e-01  -2.8296091e-01
   6.2171706e-01  -8.1908419e-01
  -9.0314656e-01  -9.8350391e-01
  -1.7058172e-01  -2.5444194e-01
   4.5097811e-01   5.7661428e-01
  -7.2191198e-01  -1.0542789e-01
   2.6511452e-01  -8.0075063e-01
  -5.0633309e-01   6.1166228e-01
   6.7994455e-01   3.1890997e-01
   6.7334165e-01  -9.5271815e-02
  -9.3855163e-02   6.6724722e-02
  -2.1048253e-01   5.3329474e-02
   9.2319060e-01   2.5936212e-01
  -9.8364340e-01   2.9312886e-01
  -2.0312262e-01  -6.1633854e-01
  -2.4455452e-02   6.0346413e-01
   2.3627353e-01  -6.0685802e-01
  -8.5998001e-01  -1.7741272e-01
  -7.1462416e-01  -5.2861328e-01
   3.0845326e-01  -4.5558912e-01
  -5.6336081e-01  -9.8266301e-01
  -7.6173614e-01   8.5656164e-01
  -9.1372580e-01   4.0438990e-02
  -6.6888364e-01  -7.1748784e-02
   2.2211807e-02   4.7059458e-02
   7.3453604e-01  -3.2637579e-01
   5.3252148e-01  -3.3524210e-01
  -7.3009815e-01   9.7657576e-01
  -8.7015864e-01  -5.2566195e-02
   3.4488990e-01   4.9372188e-01
  -3.5586151e-02   3.3991766e-01
  -9.1641738e-03   5.9118400e-01
  -3.7303267e-01  -4.5491315e-01
  -3.5299806e-01  -4.3216974e-01
   8.1820263e-01   4.3451150e-01
  -9.9326752e-02  -6.3072576e-01
   4.9727160e-01   6.6740672e-01
  -6.2949334e-01  -6.6066997e-01
  -8.3015596e-01   9.0653135e-01
  -5.8594159e-01   4.4509609e-01
   1.1783132e-01  -7.3150319e-01
   3.2340087e-01   7.0618499e-01
   8.7842631e-01   8.6338548e-01
  -9.1950925e-01   1.2836933e-01
  -6.7268300e-01  -2.0235334e-01
  -1.2375331e-01  -1.1679500e-01
  -3.4866479e-01   4.0336148e-01
  -8.2013528e-01  -4.7991402e-01
   6.2063927e-01  -9.4294110e-01
  -2.0088205e-01   8.9593047e-01
   3.1062860e-01   9.9233792e-01
   1.3368700e-01   5.5896654e-01
  -9.9375627e-01   9.7880282e-01
   3.0270296e-01  -2.4894085e-02
  -3.6580531e-01  -7.4403468e-01
  -4.6813233e-01  -7.1265445e-02
  -7.9103593e-02   4.8518098e-01
   2.4632188e-01   3.4678325e-01
   6.0370686e-01   7.4795901e-01
   1.2232824e-01   5.1650080e-01
  -9.5039182e-01   2.3435048e-01
   5.8708087e-01  -4.5036555e-01
  -4.5382235e-01  -3.2724331e-01
   6.4582269e-01   6.7144708e-01
   3.7710957e-01  -2.2822725e-01
   2.0780490e-01  -8.3930688e-01
