  -1.4134294e+00
  -9.1401954e-01
   4.9132739e-01
  -5.4397834e-01
   2.7516931e-01
  -5.3679050e-01
   7.2017727e-01
  -3.8173944e-01
   7.1463746e-01
   1.6713595e+00
  -1.0109237e+00
  -1.0399206e-01
  -1.4440230e+00
   8.4649566e-01
   1.4418804e+00
  -1.3917718e+00
   7.1324100e-02
   2.0770418e-01
   5.9791905e-01
  -5.0623180e-01
   4.0395506e-01
  -1.0501700e+00
   6.1227913e-01
   7.1583878e-01
  -1.4506722e-01
  -9.4883126e-01
  -2.4482267e-01
   3.8183054e-01
  -4.7121090e-01
   8.0741268e-01
  -1.0451685e+00
  -7.4292659e-01
   1.3920849e+00
   5.7391672e-01
   9.3051652e-01
   7.9547428e-01
  -8.7026051e-01
  -3.2858038e-01
   7.3075111e-01
  -1.3143036e+00
   3.6481960e-01
  -7.9409071e-01
   1.1940938e+00
   1.2415476e+00
  -1.8701777e-01
  -4.1726954e-01
   1.5417122e+00
  -1.5940194e+00
  -3.2922147e-01
  -4.0267986e-02
   3.8456935e-01
  -1.4918687e+00
  -1.1317706e+00
   5.4524033e-01
  -5.9256998e-01
  -9.0418857e-01
  -1.5822753e+00
  -1.2370303e+00
   4.4370785e-02
   1.2697223e+00
   9.5888713e-01
  -7.4679329e-01
  -1.5267507e+00
   5.9543270e-01
  -6.7085812e-02
  -1.5217472e-02
  -6.5475448e-01
  -6.2785488e-01
   1.3241827e+00
  -1.6016884e-01
   7.4934579e-01
  -9.2970873e-01
  -9.0997045e-01
  -9.9821304e-01
   1.7496780e-01
   4.8358117e-01
   1.0004527e+00
  -1.5775209e+00
  -1.2207470e+00
  -2.4519344e-01
  -6.2845054e-01
  -1.2972670e+00
   6.8322326e-01
  -2.4933438e-01
   3.3422626e-01
   2.2600603e-01
  -9.3532601e-01
   5.9601800e-01
  -5.2635196e-01
  -9.0015000e-01
  -1.3980268e-01
   4.5864604e-01
   8.3233445e-01
   2.1221147e-01
  -1.5828054e+00
   9.9739857e-01
  -8.3027792e-01
   9.4241232e-01
   7.1737198e-01
   2.7562479e-01
