   2.2884788e-01
   6.3474267e-01
  -4.2667398e-01
   4.1567244e-01
  -9.6751253e-01
  -6.3954480e-01
  -1.5766408e+00
  -4.3525435e-01
  -1.1596211e+00
  -3.4715217e-01
  -8.7751235e-01
   8.4209633e-01
   7.3995917e-01
  -9.0145291e-01
   8.3501084e-01
  -1.0122452e+00
  -1.2913349e+00
   4.2032528e-01
   1.2926678e+00
   1.1608917e+00
   4.4677495e-01
  -6.1920601e-01
  -7.4728711e-01
  -1.5878253e-01
  -5.4582106e-01
   1.0574869e+00
  -1.6592361e+00
   6.4005226e-01
  -6.3247661e-01
  -4.1620265e-01
   5.7908954e-01
   1.3796463e+00
   1.2372531e+00
   1.0136476e+00
  -1.2823686e+00
  -1.3203921e+00
   1.3990053e+00
  -1.3097295e+00
   7.1789233e-01
   8.2322311e-01
  -8.9397932e-01
   1.3835253e+00
  -1.6086026e+00
  -4.1232154e-01
  -9.8791570e-01
   1.1530353e+00
   1.2745582e+00
   1.0882366e+00
   1.0092611e+00
   1.0138473e+00
   6.9091736e-01
  -6.5649893e-01
   9.2375354e-01
   6.1544958e-01
  -8.0564243e-01
  -5.6386754e-01
   1.4010600e+00
  -1.6097459e+00
   4.8998065e-01
  -1.0758332e+00
   1.1613461e+00
  -9.8179657e-01
  -1.0775751e+00
   4.5983781e-01
  -1.2977975e+00
   1.1249398e+00
   1.3893976e+00
  -7.2625465e-01
  -7.8726378e-01
  -1.4253404e+00
  -9.4975599e-03
   9.6239088e-01
   8.3624891e-01
  -7.0091082e-01
   2.1792760e-01
   8.9459501e-01
  -1.1652612e+00
   3.0497891e-01
   1.0961889e+00
   7.3702027e-01
  -7.7616335e-01
  -4.5416064e-01
   1.8144516e-01
  -1.3822635e+00
  -3.1204232e-01
  -1.0003471e+00
  -4.2884052e-02
   9.4620817e-01
  -4.5579075e-01
   4.0896944e-02
  -9.3075164e-01
   1.4428681e+00
  -7.3716047e-01
  -4.6045532e-01
   5.0611381e-01
   5.4112175e-01
  -1.2155004e+00
   4.9871051e-02
   1.5997997e+00
   8.0494346e-01
