   1.7206231e-01  -8.3886540e-01
   5.4611267e-01  -9.1338381e-01
  -2.1502348e-01  -1.7688874e-02
   2.1058024e-01  -1.0680712e-01
  -5.0513425e-01  -2.6402868e-02
  -4.1959561e-01  -6.6821776e-01
  -9.6133481e-01  -2.7868699e-01
  -3.0538066e-01   7.6144388e-01
  -7.1640850e-01   4.8870436e-01
  -1.7693058e-01  -1.6645790e-01
  -6.9386330e-01   8.1470962e-01
   6.5801783e-01  -8.1138625e-01
   4.7839906e-01  -6.3734748e-01
  -8.0225939e-01   8.9317446e-01
   6.4126618e-01  -7.9830189e-01
  -5.4577678e-01  -2.2392386e-01
  -7.8611730e-01  -4.2155028e-01
   3.2555192e-01  -8.5382628e-01
   9.0915222e-01  -6.1078399e-01
   6.2912892e-01  -1.6502954e-01
   2.4650557e-01  -4.1414688e-01
  -3.4346250e-01   4.0427702e-01
  -4.4526400e-01  -5.2057364e-01
  -1.3124628e-01   9.1896524e-01
  -2.9940891e-01  -3.8907560e-01
   7.5551838e-01  -6.9016908e-01
  -9.8769101e-01   1.1101684e-01
   3.9289847e-01   5.8108738e-01
  -3.2387379e-01  -1.1225541e-01
  -3.9003266e-01   9.9163744e-01
   2.9620140e-01  -1.2682660e-01
   8.4229255e-01  -3.9111765e-01
   7.8614756e-01  -5.0697932e-01
   9.9435866e-01   9.2165050e-01
  -8.5423222e-01  -5.5423808e-01
  -7.4076275e-01  -2.0878164e-01
   9.6313646e-01  -5.5095089e-01
  -8.1951542e-01  -4.5995066e-01
   3.7231732e-01  -1.6311704e-01
   8.5792960e-01   9.9547196e-01
  -7.1636726e-01   8.2206081e-01
   7.6883131e-01   1.0085378e-01
  -9.6047608e-01   1.9267163e-01
  -3.1462821e-01  -8.4170952e-01
  -5.2338782e-01   1.5327207e-01
   9.6912800e-01   7.9634462e-01
   6.9319580e-01  -7.3378865e-02
   5.8902319e-01  -2.0320715e-01
   8.0055613e-01  -7.9107777e-01
   5.6020944e-01   3.0447278e-01
   6.7302154e-01   9.8340001e-01
  -3.5781347e-01   3.5614563e-01
   4.8549115e-01  -1.4304481e-01
   3.2898857e-01   3.0960264e-01
  -4.2163262e-01   1.7749106e-01
  -3.2525553e-01   4.9010982e-01
   8.1727412e-01   2.8174058e-01
  -9.3549804e-01   7.3523724e-03
   3.9271546e-01   8.7608295e-01
  -5.8246037e-01   2.1068716e-01
   6.4829871e-01   2.7784750e-01
  -5.6353547e-01   4.0531483e-01
  -8.0071539e-01   7.2189818e-01
   2.3901163e-01  -2.4067517e-01
  -7.9237043e-01   4.2424577e-01
   5.9812361e-01   4.7040871e-02
   8.0585024e-01  -2.7302112e-01
  -3.7497431e-01  -1.3064825e-01
  -4.3682167e-01   3.7519524e-01
  -9.8643612e-01  -5.4629771e-01
  -8.2566687e-03   9.5800721e-01
   9.7696449e-01   9.5134188e-01
   4.7588150e-01  -4.2097240e-01
  -3.7856037e-01  -3.2313336e-01
   2.0081500e-01   9.9288933e-01
   5.6335965e-01   5.7794105e-01
  -7.7693375e-01   5.8984310e-01
   1.5865858e-01   2.6473775e-01
   7.4074244e-01   6.2290157e-01
   3.7955250e-01  -1.0381350e-01
  -5.1405950e-01   6.6122711e-01
  -3.1455550e-01  -7.4667337e-01
   9.0879576e-02   2.6536256e-02
  -8.6485461e-01   4.3186250e-01
  -1.7910320e-01  -5.0370729e-01
  -5.2497721e-01   6.3800650e-02
  -2.2052887e-02  -2.3558063e-01
   6.1213318e-01   6.0352249e-01
  -2.4430410e-01   3.4172154e-01
   3.5956289e-02   9.6571837e-01
  -8.1080422e-01   8.7364266e-01
   8.1819039e-01   1.5254471e-01
  -5.8473881e-01  -8.3962763e-01
  -2.3587095e-01  -1.7235032e-01
   3.2056053e-01  -6.3830995e-01
   5.1674660e-01   9.9126237e-01
  -6.5386118e-01   4.0772389e-02
   3.4759523e-02   7.7056539e-01
   9.9067622e-01   2.9650304e-01
   4.1521881e-01  -6.7492819e-02
