   4.1878509e-01
   1.8226438e-01
   1.4152165e-04
   1.9137140e-03
   1.6134593e-01
   1.0171808e-02
   1.9617339e-01
   1.3395408e-01
   1.2224706e-03
   1.7637975e-01
   8.5810755e-04
   5.2395078e-03
   3.9831873e-01
   2.3050202e-04
   2.7085249e-02
   2.1643074e-04
   1.1950865e-02
   9.0785289e-02
   2.1553667e-03
   5.9877297e-01
   5.4865762e-01
   2.8138808e-01
   1.8445932e-01
   3.3045216e-01
   3.7222807e-02
   6.4493524e-03
   2.0632741e-03
   2.1263860e-04
   1.0202819e-01
   1.1721003e-01
   1.4109777e-01
   2.5523037e-01
   3.3468830e-01
   1.5296895e-04
   2.5022946e-01
   9.0648096e-02
   4.4438887e-01
   2.0645675e-01
   4.6221210e-04
   2.9860025e-01
   5.1182097e-01
   4.1253671e-01
   4.6468701e-01
   3.2503174e-01
   3.1377230e-02
   1.7241151e-04
   2.7187041e-04
   6.4471319e-01
   2.8068077e-04
   4.8551765e-01
   4.9674016e-05
   1.2803562e-01
   3.8347164e-01
   3.3938236e-04
   2.9591353e-03
   4.0044732e-04
   1.7889601e-02
   4.1967232e-04
   9.3881706e-04
   4.8422820e-01
   7.7313223e-01
   4.5581999e-03
   1.6058869e-02
   2.5787002e-01
   2.6855513e-04
   2.1135758e-04
   2.0830969e-01
   7.4410203e-01
   4.0901157e-01
   1.0837047e-03
   2.4974093e-01
   4.4002357e-02
   2.5380653e-01
   9.5607633e-05
   2.8763989e-02
   1.4745630e-02
   8.7483842e-04
   1.2821727e-01
   2.1090771e-01
   1.3768834e-03
   1.7564033e-02
   5.9907194e-04
   1.3506205e-02
   4.6956514e-03
   3.6166897e-04
   4.1027920e-02
   3.0078734e-01
   7.2573353e-05
   1.8295766e-01
   7.0698592e-01
   1.8289384e-03
   2.0600481e-03
   1.7049424e-01
   5.5914391e-03
   5.0019751e-02
   1.6380906e-04
   1.7982615e-01
   2.2255298e-01
   9.4520112e-02
   1.5412470e-04
