   5.9405250e-01   1.5916666e+00
   1.8368929e+00   1.2657102e+00
   3.9462670e+00   2.4827869e+00
   3.4177992e+00   3.0579239e+00
   4.9388963e-01   6.0334045e-01
   2.9918163e+00   1.6873366e+00
   7.2534471e-01   6.2193124e-01
   2.0959096e+00   1.4771602e+00
   3.5137992e+00   1.9769508e+00
   3.6180435e-01   8.9599935e-01
   3.3299610e+00   5.2151215e-01
   3.2003326e+00   1.9460013e+00
   1.0167186e+00   1.3555129e+00
   3.6775239e+00   1.0369594e+00
   2.8296528e+00   2.1863040e+00
   3.5870560e+00   3.7207020e-01
   2.9376179e+00   3.3713796e+00
   2.0941005e+00   1.0414266e+00
   3.3829068e+00   1.8782839e+00
   6.3576176e-01   3.0124274e+00
   3.9431950e-01   2.2491481e+00
   1.5421931e+00   1.2964045e+00
   2.1016137e+00   3.1409903e+00
   1.1338425e+00   3.8313262e+00
   2.3524226e+00   7.3544327e-01
   2.8202491e+00   3.9208641e-01
   3.3892899e+00   1.8615484e+00
   3.6147294e+00   5.3822065e-01
   1.9191123e+00   7.6472983e-01
   1.7787246e+00   6.4194569e-01
   1.9284438e+00   1.1609503e+00
   1.4456175e+00   1.0814143e+00
   1.9537275e+00   2.5563006e+00
   3.8682435e+00   1.7597501e+00
   2.0106885e+00   2.9887840e+00
   2.1351704e+00   3.8568032e+00
   3.7969760e-01   3.0758037e+00
   1.0114550e+00   5.9133716e-01
   3.6230968e+00   3.5114263e+00
   1.7403812e+00   1.6422522e+00
   6.7757077e-01   3.2489264e+00
   1.5938848e+00   3.2096326e+00
   9.6062054e-01   1.5260126e+00
   1.2216369e+00   3.8149684e+00
   2.6716425e+00   3.3654117e+00
   3.9102904e+00   2.6277801e+00
   3.7064563e+00   1.3938074e+00
   4.9908564e-01   2.5829167e+00
   3.6414133e+00   3.9574627e+00
   1.0029977e+00   1.5728329e+00
   3.9726762e+00   1.1866853e+00
   1.5080485e+00   3.0146929e-01
   1.1419109e+00   3.6643725e+00
   3.7917297e+00   2.6218997e+00
   3.3001334e+00   3.2090484e+00
   3.7204434e+00   3.0702504e+00
   2.9584574e+00   2.5825212e+00
   3.5532493e+00   9.7858585e-01
   3.5007285e+00   3.4212950e+00
   1.6224728e+00   2.9491739e+00
   8.0422293e-01   2.7116649e+00
   3.2813875e+00   2.5673862e+00
   2.8201619e+00   3.5330087e+00
   1.8961323e+00   3.2329059e+00
   3.8043271e+00   2.9803724e+00
   3.8193391e+00   1.8138714e+00
   4.1869825e-01   3.9913176e+00
   1.3218170e+00   2.6080915e+00
   5.5068615e-01   1.6067114e+00
   3.3597124e+00   9.7607562e-01
   1.7663967e+00   1.4873461e+00
   2.4503538e+00   1.2457450e+00
   1.5710750e+00   3.7820136e+00
   3.8934761e+00   3.6037547e+00
   2.5326015e+00   3.9557928e+00
   2.7702723e+00   3.8241463e+00
   3.4943031e+00   3.5345656e+00
   1.8543221e+00   9.0030095e-01
   5.7162071e-01   8.4274713e-01
   3.5241691e+00   2.7042715e+00
   2.8702207e+00   3.2233180e+00
   3.4132714e+00   5.6751595e-01
   2.8021096e+00   1.2047219e+00
   2.8951863e+00   3.3961646e-01
   3.6130437e+00   1.1604032e+00
   2.4734315e+00   1.2429631e+00
   1.5032228e+00   3.6750955e+00
   3.9809474e+00   1.6599223e+00
   1.0678922e+00   4.4072589e-01
   1.3591347e+00   2.7080796e+00
   3.3825009e+00   3.3205574e+00
   3.1499167e+00   6.0987651e-01
   1.0421427e+00   3.4247988e-01
   3.1296353e+00   1.6527767e+00
   2.5789166e+00   1.8272321e+00
   3.8677894e+00   1.8392777e+00
   2.1636577e+00   2.0144913e+00
   2.0711967e+00   2.0242241e+00
   2.4670784e+00   2.3281866e+00
   3.9244894e+00   2.2709564e+00
